Column1	Column2	Column3	Column5
chrX	1	2215150001	4.76E-09
chrX	50001	2215200001	4.76E-09
chrX	100001	2215250001	4.76E-09
chrX	150001	2215300001	4.76E-09
chrX	200001	2215350001	4.76E-09
chrX	250001	2215400001	4.76E-09
chrX	300001	2215450001	4.76E-09
chrX	350001	2215500001	4.76E-09
chrX	400001	2215550001	4.76E-09
chrX	450001	2215600001	4.76E-09
chrX	500001	2215650001	4.76E-09
chrX	550001	2215700001	4.76E-09
chrX	600001	2215750001	4.76E-09
chrX	650001	2215800001	4.76E-09
chrX	700001	2215850001	4.76E-09
chrX	750001	2215900001	4.76E-09
chrX	800001	2215950001	4.76E-09
chrX	850001	2216000001	4.76E-09
chrX	900001	2216050001	4.76E-09
chrX	950001	2216100001	4.76E-09
chrX	1000001	2216150001	4.76E-09
chrX	1050001	2216200001	4.76E-09
chrX	1100001	2216250001	4.76E-09
chrX	1150001	2216300001	4.76E-09
chrX	1200001	2216350001	4.76E-09
chrX	1250001	2216400001	4.76E-09
chrX	1300001	2216450001	4.76E-09
chrX	1350001	2216500001	4.76E-09
chrX	1400001	2216550001	4.76E-09
chrX	1450001	2216600001	4.76E-09
chrX	1500001	2216650001	4.76E-09
chrX	1550001	2216700001	4.76E-09
chrX	1600001	2216750001	4.76E-09
chrX	1650001	2216800001	4.76E-09
chrX	1700001	2216850001	4.76E-09
chrX	1750001	2216900001	4.76E-09
chrX	1800001	2216950001	4.76E-09
chrX	1850001	2217000001	4.76E-09
chrX	1900001	2217050001	4.76E-09
chrX	1950001	2217100001	4.76E-09
chrX	2000001	2217150001	4.22E-09
chrX	2050001	2217200001	4.22E-09
chrX	2100001	2217250001	4.22E-09
chrX	2150001	2217300001	4.22E-09
chrX	2200001	2217350001	4.22E-09
chrX	2250001	2217400001	4.22E-09
chrX	2300001	2217450001	4.22E-09
chrX	2350001	2217500001	4.22E-09
chrX	2400001	2217550001	4.22E-09
chrX	2450001	2217600001	4.22E-09
chrX	2500001	2217650001	4.22E-09
chrX	2550001	2217700001	4.22E-09
chrX	2600001	2217750001	4.22E-09
chrX	2650001	2217800001	4.22E-09
chrX	2700001	2217850001	4.22E-09
chrX	2750001	2217900001	4.22E-09
chrX	2800001	2217950001	4.22E-09
chrX	2850001	2218000001	4.22E-09
chrX	2900001	2218050001	4.22E-09
chrX	2950001	2218100001	4.22E-09
chrX	3000001	2218150001	4.22E-09
chrX	3050001	2218200001	4.22E-09
chrX	3100001	2218250001	4.22E-09
chrX	3150001	2218300001	4.22E-09
chrX	3200001	2218350001	4.22E-09
chrX	3250001	2218400001	4.22E-09
chrX	3300001	2218450001	4.22E-09
chrX	3350001	2218500001	4.22E-09
chrX	3400001	2218550001	4.22E-09
chrX	3450001	2218600001	4.22E-09
chrX	3500001	2218650001	4.22E-09
chrX	3550001	2218700001	4.22E-09
chrX	3600001	2218750001	4.22E-09
chrX	3650001	2218800001	4.22E-09
chrX	3700001	2218850001	4.22E-09
chrX	3750001	2218900001	4.22E-09
chrX	3800001	2218950001	4.22E-09
chrX	3850001	2219000001	4.22E-09
chrX	3900001	2219050001	4.22E-09
chrX	3950001	2219100001	4.22E-09
chrX	4000001	2219150001	2.91E-09
chrX	4050001	2219200001	2.91E-09
chrX	4100001	2219250001	2.91E-09
chrX	4150001	2219300001	2.91E-09
chrX	4200001	2219350001	2.91E-09
chrX	4250001	2219400001	2.91E-09
chrX	4300001	2219450001	2.91E-09
chrX	4350001	2219500001	2.91E-09
chrX	4400001	2219550001	2.91E-09
chrX	4450001	2219600001	2.91E-09
chrX	4500001	2219650001	2.91E-09
chrX	4550001	2219700001	2.91E-09
chrX	4600001	2219750001	2.91E-09
chrX	4650001	2219800001	2.91E-09
chrX	4700001	2219850001	2.91E-09
chrX	4750001	2219900001	2.91E-09
chrX	4800001	2219950001	2.91E-09
chrX	4850001	2220000001	2.91E-09
chrX	4900001	2220050001	2.91E-09
chrX	4950001	2220100001	2.91E-09
chrX	5000001	2220150001	2.91E-09
chrX	5050001	2220200001	2.91E-09
chrX	5100001	2220250001	2.91E-09
chrX	5150001	2220300001	2.91E-09
chrX	5200001	2220350001	2.91E-09
chrX	5250001	2220400001	2.91E-09
chrX	5300001	2220450001	2.91E-09
chrX	5350001	2220500001	2.91E-09
chrX	5400001	2220550001	2.91E-09
chrX	5450001	2220600001	2.91E-09
chrX	5500001	2220650001	2.91E-09
chrX	5550001	2220700001	2.91E-09
chrX	5600001	2220750001	2.91E-09
chrX	5650001	2220800001	2.91E-09
chrX	5700001	2220850001	2.91E-09
chrX	5750001	2220900001	2.91E-09
chrX	5800001	2220950001	2.91E-09
chrX	5850001	2221000001	2.91E-09
chrX	5900001	2221050001	2.91E-09
chrX	5950001	2221100001	2.91E-09
chrX	6000001	2221150001	1.96E-09
chrX	6050001	2221200001	1.96E-09
chrX	6100001	2221250001	1.96E-09
chrX	6150001	2221300001	1.96E-09
chrX	6200001	2221350001	1.96E-09
chrX	6250001	2221400001	1.96E-09
chrX	6300001	2221450001	1.96E-09
chrX	6350001	2221500001	1.96E-09
chrX	6400001	2221550001	1.96E-09
chrX	6450001	2221600001	1.96E-09
chrX	6500001	2221650001	1.96E-09
chrX	6550001	2221700001	1.96E-09
chrX	6600001	2221750001	1.96E-09
chrX	6650001	2221800001	1.96E-09
chrX	6700001	2221850001	1.96E-09
chrX	6750001	2221900001	1.96E-09
chrX	6800001	2221950001	1.96E-09
chrX	6850001	2222000001	1.96E-09
chrX	6900001	2222050001	1.96E-09
chrX	6950001	2222100001	1.96E-09
chrX	7000001	2222150001	1.96E-09
chrX	7050001	2222200001	1.96E-09
chrX	7100001	2222250001	1.96E-09
chrX	7150001	2222300001	1.96E-09
chrX	7200001	2222350001	1.96E-09
chrX	7250001	2222400001	1.96E-09
chrX	7300001	2222450001	1.96E-09
chrX	7350001	2222500001	1.96E-09
chrX	7400001	2222550001	1.96E-09
chrX	7450001	2222600001	1.96E-09
chrX	7500001	2222650001	1.96E-09
chrX	7550001	2222700001	1.96E-09
chrX	7600001	2222750001	1.96E-09
chrX	7650001	2222800001	1.96E-09
chrX	7700001	2222850001	1.96E-09
chrX	7750001	2222900001	1.96E-09
chrX	7800001	2222950001	1.96E-09
chrX	7850001	2223000001	1.96E-09
chrX	7900001	2223050001	1.96E-09
chrX	7950001	2223100001	1.96E-09
chrX	8000001	2223150001	2.14E-09
chrX	8050001	2223200001	2.14E-09
chrX	8100001	2223250001	2.14E-09
chrX	8150001	2223300001	2.14E-09
chrX	8200001	2223350001	2.14E-09
chrX	8250001	2223400001	2.14E-09
chrX	8300001	2223450001	2.14E-09
chrX	8350001	2223500001	2.14E-09
chrX	8400001	2223550001	2.14E-09
chrX	8450001	2223600001	2.14E-09
chrX	8500001	2223650001	2.14E-09
chrX	8550001	2223700001	2.14E-09
chrX	8600001	2223750001	2.14E-09
chrX	8650001	2223800001	2.14E-09
chrX	8700001	2223850001	2.14E-09
chrX	8750001	2223900001	2.14E-09
chrX	8800001	2223950001	2.14E-09
chrX	8850001	2224000001	2.14E-09
chrX	8900001	2224050001	2.14E-09
chrX	8950001	2224100001	2.14E-09
chrX	9000001	2224150001	2.14E-09
chrX	9050001	2224200001	2.14E-09
chrX	9100001	2224250001	2.14E-09
chrX	9150001	2224300001	2.14E-09
chrX	9200001	2224350001	2.14E-09
chrX	9250001	2224400001	2.14E-09
chrX	9300001	2224450001	2.14E-09
chrX	9350001	2224500001	2.14E-09
chrX	9400001	2224550001	2.14E-09
chrX	9450001	2224600001	2.14E-09
chrX	9500001	2224650001	2.14E-09
chrX	9550001	2224700001	2.14E-09
chrX	9600001	2224750001	2.14E-09
chrX	9650001	2224800001	2.14E-09
chrX	9700001	2224850001	2.14E-09
chrX	9750001	2224900001	2.14E-09
chrX	9800001	2224950001	2.14E-09
chrX	9850001	2225000001	2.14E-09
chrX	9900001	2225050001	2.14E-09
chrX	9950001	2225100001	2.14E-09
chrX	10000001	2225150001	1.25E-09
chrX	10050001	2225200001	1.25E-09
chrX	10100001	2225250001	1.25E-09
chrX	10150001	2225300001	1.25E-09
chrX	10200001	2225350001	1.25E-09
chrX	10250001	2225400001	1.25E-09
chrX	10300001	2225450001	1.25E-09
chrX	10350001	2225500001	1.25E-09
chrX	10400001	2225550001	1.25E-09
chrX	10450001	2225600001	1.25E-09
chrX	10500001	2225650001	1.25E-09
chrX	10550001	2225700001	1.25E-09
chrX	10600001	2225750001	1.25E-09
chrX	10650001	2225800001	1.25E-09
chrX	10700001	2225850001	1.25E-09
chrX	10750001	2225900001	1.25E-09
chrX	10800001	2225950001	1.25E-09
chrX	10850001	2226000001	1.25E-09
chrX	10900001	2226050001	1.25E-09
chrX	10950001	2226100001	1.25E-09
chrX	11000001	2226150001	1.25E-09
chrX	11050001	2226200001	1.25E-09
chrX	11100001	2226250001	1.25E-09
chrX	11150001	2226300001	1.25E-09
chrX	11200001	2226350001	1.25E-09
chrX	11250001	2226400001	1.25E-09
chrX	11300001	2226450001	1.25E-09
chrX	11350001	2226500001	1.25E-09
chrX	11400001	2226550001	1.25E-09
chrX	11450001	2226600001	1.25E-09
chrX	11500001	2226650001	1.25E-09
chrX	11550001	2226700001	1.25E-09
chrX	11600001	2226750001	1.25E-09
chrX	11650001	2226800001	1.25E-09
chrX	11700001	2226850001	1.25E-09
chrX	11750001	2226900001	1.25E-09
chrX	11800001	2226950001	1.25E-09
chrX	11850001	2227000001	1.25E-09
chrX	11900001	2227050001	1.25E-09
chrX	11950001	2227100001	1.25E-09
chrX	12000001	2227150001	7.61E-10
chrX	12050001	2227200001	7.61E-10
chrX	12100001	2227250001	7.61E-10
chrX	12150001	2227300001	7.61E-10
chrX	12200001	2227350001	7.61E-10
chrX	12250001	2227400001	7.61E-10
chrX	12300001	2227450001	7.61E-10
chrX	12350001	2227500001	7.61E-10
chrX	12400001	2227550001	7.61E-10
chrX	12450001	2227600001	7.61E-10
chrX	12500001	2227650001	7.61E-10
chrX	12550001	2227700001	7.61E-10
chrX	12600001	2227750001	7.61E-10
chrX	12650001	2227800001	7.61E-10
chrX	12700001	2227850001	7.61E-10
chrX	12750001	2227900001	7.61E-10
chrX	12800001	2227950001	7.61E-10
chrX	12850001	2228000001	7.61E-10
chrX	12900001	2228050001	7.61E-10
chrX	12950001	2228100001	7.61E-10
chrX	13000001	2228150001	7.61E-10
chrX	13050001	2228200001	7.61E-10
chrX	13100001	2228250001	7.61E-10
chrX	13150001	2228300001	7.61E-10
chrX	13200001	2228350001	7.61E-10
chrX	13250001	2228400001	7.61E-10
chrX	13300001	2228450001	7.61E-10
chrX	13350001	2228500001	7.61E-10
chrX	13400001	2228550001	7.61E-10
chrX	13450001	2228600001	7.61E-10
chrX	13500001	2228650001	7.61E-10
chrX	13550001	2228700001	7.61E-10
chrX	13600001	2228750001	7.61E-10
chrX	13650001	2228800001	7.61E-10
chrX	13700001	2228850001	7.61E-10
chrX	13750001	2228900001	7.61E-10
chrX	13800001	2228950001	7.61E-10
chrX	13850001	2229000001	7.61E-10
chrX	13900001	2229050001	7.61E-10
chrX	13950001	2229100001	7.61E-10
chrX	14000001	2229150001	6.56E-10
chrX	14050001	2229200001	6.56E-10
chrX	14100001	2229250001	6.56E-10
chrX	14150001	2229300001	6.56E-10
chrX	14200001	2229350001	6.56E-10
chrX	14250001	2229400001	6.56E-10
chrX	14300001	2229450001	6.56E-10
chrX	14350001	2229500001	6.56E-10
chrX	14400001	2229550001	6.56E-10
chrX	14450001	2229600001	6.56E-10
chrX	14500001	2229650001	6.56E-10
chrX	14550001	2229700001	6.56E-10
chrX	14600001	2229750001	6.56E-10
chrX	14650001	2229800001	6.56E-10
chrX	14700001	2229850001	6.56E-10
chrX	14750001	2229900001	6.56E-10
chrX	14800001	2229950001	6.56E-10
chrX	14850001	2230000001	6.56E-10
chrX	14900001	2230050001	6.56E-10
chrX	14950001	2230100001	6.56E-10
chrX	15000001	2230150001	6.56E-10
chrX	15050001	2230200001	6.56E-10
chrX	15100001	2230250001	6.56E-10
chrX	15150001	2230300001	6.56E-10
chrX	15200001	2230350001	6.56E-10
chrX	15250001	2230400001	6.56E-10
chrX	15300001	2230450001	6.56E-10
chrX	15350001	2230500001	6.56E-10
chrX	15400001	2230550001	6.56E-10
chrX	15450001	2230600001	6.56E-10
chrX	15500001	2230650001	6.56E-10
chrX	15550001	2230700001	6.56E-10
chrX	15600001	2230750001	6.56E-10
chrX	15650001	2230800001	6.56E-10
chrX	15700001	2230850001	6.56E-10
chrX	15750001	2230900001	6.56E-10
chrX	15800001	2230950001	6.56E-10
chrX	15850001	2231000001	6.56E-10
chrX	15900001	2231050001	6.56E-10
chrX	15950001	2231100001	6.56E-10
chrX	16000001	2231150001	8.14E-10
chrX	16050001	2231200001	8.14E-10
chrX	16100001	2231250001	8.14E-10
chrX	16150001	2231300001	8.14E-10
chrX	16200001	2231350001	8.14E-10
chrX	16250001	2231400001	8.14E-10
chrX	16300001	2231450001	8.14E-10
chrX	16350001	2231500001	8.14E-10
chrX	16400001	2231550001	8.14E-10
chrX	16450001	2231600001	8.14E-10
chrX	16500001	2231650001	8.14E-10
chrX	16550001	2231700001	8.14E-10
chrX	16600001	2231750001	8.14E-10
chrX	16650001	2231800001	8.14E-10
chrX	16700001	2231850001	8.14E-10
chrX	16750001	2231900001	8.14E-10
chrX	16800001	2231950001	8.14E-10
chrX	16850001	2232000001	8.14E-10
chrX	16900001	2232050001	8.14E-10
chrX	16950001	2232100001	8.14E-10
chrX	17000001	2232150001	8.14E-10
chrX	17050001	2232200001	8.14E-10
chrX	17100001	2232250001	8.14E-10
chrX	17150001	2232300001	8.14E-10
chrX	17200001	2232350001	8.14E-10
chrX	17250001	2232400001	8.14E-10
chrX	17300001	2232450001	8.14E-10
chrX	17350001	2232500001	8.14E-10
chrX	17400001	2232550001	8.14E-10
chrX	17450001	2232600001	8.14E-10
chrX	17500001	2232650001	8.14E-10
chrX	17550001	2232700001	8.14E-10
chrX	17600001	2232750001	8.14E-10
chrX	17650001	2232800001	8.14E-10
chrX	17700001	2232850001	8.14E-10
chrX	17750001	2232900001	8.14E-10
chrX	17800001	2232950001	8.14E-10
chrX	17850001	2233000001	8.14E-10
chrX	17900001	2233050001	8.14E-10
chrX	17950001	2233100001	8.14E-10
chrX	18000001	2233150001	9.56E-10
chrX	18050001	2233200001	9.56E-10
chrX	18100001	2233250001	9.56E-10
chrX	18150001	2233300001	9.56E-10
chrX	18200001	2233350001	9.56E-10
chrX	18250001	2233400001	9.56E-10
chrX	18300001	2233450001	9.56E-10
chrX	18350001	2233500001	9.56E-10
chrX	18400001	2233550001	9.56E-10
chrX	18450001	2233600001	9.56E-10
chrX	18500001	2233650001	9.56E-10
chrX	18550001	2233700001	9.56E-10
chrX	18600001	2233750001	9.56E-10
chrX	18650001	2233800001	9.56E-10
chrX	18700001	2233850001	9.56E-10
chrX	18750001	2233900001	9.56E-10
chrX	18800001	2233950001	9.56E-10
chrX	18850001	2234000001	9.56E-10
chrX	18900001	2234050001	9.56E-10
chrX	18950001	2234100001	9.56E-10
chrX	19000001	2234150001	9.56E-10
chrX	19050001	2234200001	9.56E-10
chrX	19100001	2234250001	9.56E-10
chrX	19150001	2234300001	9.56E-10
chrX	19200001	2234350001	9.56E-10
chrX	19250001	2234400001	9.56E-10
chrX	19300001	2234450001	9.56E-10
chrX	19350001	2234500001	9.56E-10
chrX	19400001	2234550001	9.56E-10
chrX	19450001	2234600001	9.56E-10
chrX	19500001	2234650001	9.56E-10
chrX	19550001	2234700001	9.56E-10
chrX	19600001	2234750001	9.56E-10
chrX	19650001	2234800001	9.56E-10
chrX	19700001	2234850001	9.56E-10
chrX	19750001	2234900001	9.56E-10
chrX	19800001	2234950001	9.56E-10
chrX	19850001	2235000001	9.56E-10
chrX	19900001	2235050001	9.56E-10
chrX	19950001	2235100001	9.56E-10
chrX	20000001	2235150001	1.41E-09
chrX	20050001	2235200001	1.41E-09
chrX	20100001	2235250001	1.41E-09
chrX	20150001	2235300001	1.41E-09
chrX	20200001	2235350001	1.41E-09
chrX	20250001	2235400001	1.41E-09
chrX	20300001	2235450001	1.41E-09
chrX	20350001	2235500001	1.41E-09
chrX	20400001	2235550001	1.41E-09
chrX	20450001	2235600001	1.41E-09
chrX	20500001	2235650001	1.41E-09
chrX	20550001	2235700001	1.41E-09
chrX	20600001	2235750001	1.41E-09
chrX	20650001	2235800001	1.41E-09
chrX	20700001	2235850001	1.41E-09
chrX	20750001	2235900001	1.41E-09
chrX	20800001	2235950001	1.41E-09
chrX	20850001	2236000001	1.41E-09
chrX	20900001	2236050001	1.41E-09
chrX	20950001	2236100001	1.41E-09
chrX	21000001	2236150001	1.41E-09
chrX	21050001	2236200001	1.41E-09
chrX	21100001	2236250001	1.41E-09
chrX	21150001	2236300001	1.41E-09
chrX	21200001	2236350001	1.41E-09
chrX	21250001	2236400001	1.41E-09
chrX	21300001	2236450001	1.41E-09
chrX	21350001	2236500001	1.41E-09
chrX	21400001	2236550001	1.41E-09
chrX	21450001	2236600001	1.41E-09
chrX	21500001	2236650001	1.41E-09
chrX	21550001	2236700001	1.41E-09
chrX	21600001	2236750001	1.41E-09
chrX	21650001	2236800001	1.41E-09
chrX	21700001	2236850001	1.41E-09
chrX	21750001	2236900001	1.41E-09
chrX	21800001	2236950001	1.41E-09
chrX	21850001	2237000001	1.41E-09
chrX	21900001	2237050001	1.41E-09
chrX	21950001	2237100001	1.41E-09
chrX	22000001	2237150001	1.09E-09
chrX	22050001	2237200001	1.09E-09
chrX	22100001	2237250001	1.09E-09
chrX	22150001	2237300001	1.09E-09
chrX	22200001	2237350001	1.09E-09
chrX	22250001	2237400001	1.09E-09
chrX	22300001	2237450001	1.09E-09
chrX	22350001	2237500001	1.09E-09
chrX	22400001	2237550001	1.09E-09
chrX	22450001	2237600001	1.09E-09
chrX	22500001	2237650001	1.09E-09
chrX	22550001	2237700001	1.09E-09
chrX	22600001	2237750001	1.09E-09
chrX	22650001	2237800001	1.09E-09
chrX	22700001	2237850001	1.09E-09
chrX	22750001	2237900001	1.09E-09
chrX	22800001	2237950001	1.09E-09
chrX	22850001	2238000001	1.09E-09
chrX	22900001	2238050001	1.09E-09
chrX	22950001	2238100001	1.09E-09
chrX	23000001	2238150001	1.09E-09
chrX	23050001	2238200001	1.09E-09
chrX	23100001	2238250001	1.09E-09
chrX	23150001	2238300001	1.09E-09
chrX	23200001	2238350001	1.09E-09
chrX	23250001	2238400001	1.09E-09
chrX	23300001	2238450001	1.09E-09
chrX	23350001	2238500001	1.09E-09
chrX	23400001	2238550001	1.09E-09
chrX	23450001	2238600001	1.09E-09
chrX	23500001	2238650001	1.09E-09
chrX	23550001	2238700001	1.09E-09
chrX	23600001	2238750001	1.09E-09
chrX	23650001	2238800001	1.09E-09
chrX	23700001	2238850001	1.09E-09
chrX	23750001	2238900001	1.09E-09
chrX	23800001	2238950001	1.09E-09
chrX	23850001	2239000001	1.09E-09
chrX	23900001	2239050001	1.09E-09
chrX	23950001	2239100001	1.09E-09
chrX	24000001	2239150001	1.35E-09
chrX	24050001	2239200001	1.35E-09
chrX	24100001	2239250001	1.35E-09
chrX	24150001	2239300001	1.35E-09
chrX	24200001	2239350001	1.35E-09
chrX	24250001	2239400001	1.35E-09
chrX	24300001	2239450001	1.35E-09
chrX	24350001	2239500001	1.35E-09
chrX	24400001	2239550001	1.35E-09
chrX	24450001	2239600001	1.35E-09
chrX	24500001	2239650001	1.35E-09
chrX	24550001	2239700001	1.35E-09
chrX	24600001	2239750001	1.35E-09
chrX	24650001	2239800001	1.35E-09
chrX	24700001	2239850001	1.35E-09
chrX	24750001	2239900001	1.35E-09
chrX	24800001	2239950001	1.35E-09
chrX	24850001	2240000001	1.35E-09
chrX	24900001	2240050001	1.35E-09
chrX	24950001	2240100001	1.35E-09
chrX	25000001	2240150001	1.35E-09
chrX	25050001	2240200001	1.35E-09
chrX	25100001	2240250001	1.35E-09
chrX	25150001	2240300001	1.35E-09
chrX	25200001	2240350001	1.35E-09
chrX	25250001	2240400001	1.35E-09
chrX	25300001	2240450001	1.35E-09
chrX	25350001	2240500001	1.35E-09
chrX	25400001	2240550001	1.35E-09
chrX	25450001	2240600001	1.35E-09
chrX	25500001	2240650001	1.35E-09
chrX	25550001	2240700001	1.35E-09
chrX	25600001	2240750001	1.35E-09
chrX	25650001	2240800001	1.35E-09
chrX	25700001	2240850001	1.35E-09
chrX	25750001	2240900001	1.35E-09
chrX	25800001	2240950001	1.35E-09
chrX	25850001	2241000001	1.35E-09
chrX	25900001	2241050001	1.35E-09
chrX	25950001	2241100001	1.35E-09
chrX	26000001	2241150001	1.79E-09
chrX	26050001	2241200001	1.79E-09
chrX	26100001	2241250001	1.79E-09
chrX	26150001	2241300001	1.79E-09
chrX	26200001	2241350001	1.79E-09
chrX	26250001	2241400001	1.79E-09
chrX	26300001	2241450001	1.79E-09
chrX	26350001	2241500001	1.79E-09
chrX	26400001	2241550001	1.79E-09
chrX	26450001	2241600001	1.79E-09
chrX	26500001	2241650001	1.79E-09
chrX	26550001	2241700001	1.79E-09
chrX	26600001	2241750001	1.79E-09
chrX	26650001	2241800001	1.79E-09
chrX	26700001	2241850001	1.79E-09
chrX	26750001	2241900001	1.79E-09
chrX	26800001	2241950001	1.79E-09
chrX	26850001	2242000001	1.79E-09
chrX	26900001	2242050001	1.79E-09
chrX	26950001	2242100001	1.79E-09
chrX	27000001	2242150001	1.79E-09
chrX	27050001	2242200001	1.79E-09
chrX	27100001	2242250001	1.79E-09
chrX	27150001	2242300001	1.79E-09
chrX	27200001	2242350001	1.79E-09
chrX	27250001	2242400001	1.79E-09
chrX	27300001	2242450001	1.79E-09
chrX	27350001	2242500001	1.79E-09
chrX	27400001	2242550001	1.79E-09
chrX	27450001	2242600001	1.79E-09
chrX	27500001	2242650001	1.79E-09
chrX	27550001	2242700001	1.79E-09
chrX	27600001	2242750001	1.79E-09
chrX	27650001	2242800001	1.79E-09
chrX	27700001	2242850001	1.79E-09
chrX	27750001	2242900001	1.79E-09
chrX	27800001	2242950001	1.79E-09
chrX	27850001	2243000001	1.79E-09
chrX	27900001	2243050001	1.79E-09
chrX	27950001	2243100001	1.79E-09
chrX	28000001	2243150001	1.60E-09
chrX	28050001	2243200001	1.60E-09
chrX	28100001	2243250001	1.60E-09
chrX	28150001	2243300001	1.60E-09
chrX	28200001	2243350001	1.60E-09
chrX	28250001	2243400001	1.60E-09
chrX	28300001	2243450001	1.60E-09
chrX	28350001	2243500001	1.60E-09
chrX	28400001	2243550001	1.60E-09
chrX	28450001	2243600001	1.60E-09
chrX	28500001	2243650001	1.60E-09
chrX	28550001	2243700001	1.60E-09
chrX	28600001	2243750001	1.60E-09
chrX	28650001	2243800001	1.60E-09
chrX	28700001	2243850001	1.60E-09
chrX	28750001	2243900001	1.60E-09
chrX	28800001	2243950001	1.60E-09
chrX	28850001	2244000001	1.60E-09
chrX	28900001	2244050001	1.60E-09
chrX	28950001	2244100001	1.60E-09
chrX	29000001	2244150001	1.60E-09
chrX	29050001	2244200001	1.60E-09
chrX	29100001	2244250001	1.60E-09
chrX	29150001	2244300001	1.60E-09
chrX	29200001	2244350001	1.60E-09
chrX	29250001	2244400001	1.60E-09
chrX	29300001	2244450001	1.60E-09
chrX	29350001	2244500001	1.60E-09
chrX	29400001	2244550001	1.60E-09
chrX	29450001	2244600001	1.60E-09
chrX	29500001	2244650001	1.60E-09
chrX	29550001	2244700001	1.60E-09
chrX	29600001	2244750001	1.60E-09
chrX	29650001	2244800001	1.60E-09
chrX	29700001	2244850001	1.60E-09
chrX	29750001	2244900001	1.60E-09
chrX	29800001	2244950001	1.60E-09
chrX	29850001	2245000001	1.60E-09
chrX	29900001	2245050001	1.60E-09
chrX	29950001	2245100001	1.60E-09
chrX	30000001	2245150001	1.82E-09
chrX	30050001	2245200001	1.82E-09
chrX	30100001	2245250001	1.82E-09
chrX	30150001	2245300001	1.82E-09
chrX	30200001	2245350001	1.82E-09
chrX	30250001	2245400001	1.82E-09
chrX	30300001	2245450001	1.82E-09
chrX	30350001	2245500001	1.82E-09
chrX	30400001	2245550001	1.82E-09
chrX	30450001	2245600001	1.82E-09
chrX	30500001	2245650001	1.82E-09
chrX	30550001	2245700001	1.82E-09
chrX	30600001	2245750001	1.82E-09
chrX	30650001	2245800001	1.82E-09
chrX	30700001	2245850001	1.82E-09
chrX	30750001	2245900001	1.82E-09
chrX	30800001	2245950001	1.82E-09
chrX	30850001	2246000001	1.82E-09
chrX	30900001	2246050001	1.82E-09
chrX	30950001	2246100001	1.82E-09
chrX	31000001	2246150001	1.82E-09
chrX	31050001	2246200001	1.82E-09
chrX	31100001	2246250001	1.82E-09
chrX	31150001	2246300001	1.82E-09
chrX	31200001	2246350001	1.82E-09
chrX	31250001	2246400001	1.82E-09
chrX	31300001	2246450001	1.82E-09
chrX	31350001	2246500001	1.82E-09
chrX	31400001	2246550001	1.82E-09
chrX	31450001	2246600001	1.82E-09
chrX	31500001	2246650001	1.82E-09
chrX	31550001	2246700001	1.82E-09
chrX	31600001	2246750001	1.82E-09
chrX	31650001	2246800001	1.82E-09
chrX	31700001	2246850001	1.82E-09
chrX	31750001	2246900001	1.82E-09
chrX	31800001	2246950001	1.82E-09
chrX	31850001	2247000001	1.82E-09
chrX	31900001	2247050001	1.82E-09
chrX	31950001	2247100001	1.82E-09
chrX	32000001	2247150001	1.50E-09
chrX	32050001	2247200001	1.50E-09
chrX	32100001	2247250001	1.50E-09
chrX	32150001	2247300001	1.50E-09
chrX	32200001	2247350001	1.50E-09
chrX	32250001	2247400001	1.50E-09
chrX	32300001	2247450001	1.50E-09
chrX	32350001	2247500001	1.50E-09
chrX	32400001	2247550001	1.50E-09
chrX	32450001	2247600001	1.50E-09
chrX	32500001	2247650001	1.50E-09
chrX	32550001	2247700001	1.50E-09
chrX	32600001	2247750001	1.50E-09
chrX	32650001	2247800001	1.50E-09
chrX	32700001	2247850001	1.50E-09
chrX	32750001	2247900001	1.50E-09
chrX	32800001	2247950001	1.50E-09
chrX	32850001	2248000001	1.50E-09
chrX	32900001	2248050001	1.50E-09
chrX	32950001	2248100001	1.50E-09
chrX	33000001	2248150001	1.50E-09
chrX	33050001	2248200001	1.50E-09
chrX	33100001	2248250001	1.50E-09
chrX	33150001	2248300001	1.50E-09
chrX	33200001	2248350001	1.50E-09
chrX	33250001	2248400001	1.50E-09
chrX	33300001	2248450001	1.50E-09
chrX	33350001	2248500001	1.50E-09
chrX	33400001	2248550001	1.50E-09
chrX	33450001	2248600001	1.50E-09
chrX	33500001	2248650001	1.50E-09
chrX	33550001	2248700001	1.50E-09
chrX	33600001	2248750001	1.50E-09
chrX	33650001	2248800001	1.50E-09
chrX	33700001	2248850001	1.50E-09
chrX	33750001	2248900001	1.50E-09
chrX	33800001	2248950001	1.50E-09
chrX	33850001	2249000001	1.50E-09
chrX	33900001	2249050001	1.50E-09
chrX	33950001	2249100001	1.50E-09
chrX	34000001	2249150001	7.48E-10
chrX	34050001	2249200001	7.48E-10
chrX	34100001	2249250001	7.48E-10
chrX	34150001	2249300001	7.48E-10
chrX	34200001	2249350001	7.48E-10
chrX	34250001	2249400001	7.48E-10
chrX	34300001	2249450001	7.48E-10
chrX	34350001	2249500001	7.48E-10
chrX	34400001	2249550001	7.48E-10
chrX	34450001	2249600001	7.48E-10
chrX	34500001	2249650001	7.48E-10
chrX	34550001	2249700001	7.48E-10
chrX	34600001	2249750001	7.48E-10
chrX	34650001	2249800001	7.48E-10
chrX	34700001	2249850001	7.48E-10
chrX	34750001	2249900001	7.48E-10
chrX	34800001	2249950001	7.48E-10
chrX	34850001	2250000001	7.48E-10
chrX	34900001	2250050001	7.48E-10
chrX	34950001	2250100001	7.48E-10
chrX	35000001	2250150001	7.48E-10
chrX	35050001	2250200001	7.48E-10
chrX	35100001	2250250001	7.48E-10
chrX	35150001	2250300001	7.48E-10
chrX	35200001	2250350001	7.48E-10
chrX	35250001	2250400001	7.48E-10
chrX	35300001	2250450001	7.48E-10
chrX	35350001	2250500001	7.48E-10
chrX	35400001	2250550001	7.48E-10
chrX	35450001	2250600001	7.48E-10
chrX	35500001	2250650001	7.48E-10
chrX	35550001	2250700001	7.48E-10
chrX	35600001	2250750001	7.48E-10
chrX	35650001	2250800001	7.48E-10
chrX	35700001	2250850001	7.48E-10
chrX	35750001	2250900001	7.48E-10
chrX	35800001	2250950001	7.48E-10
chrX	35850001	2251000001	7.48E-10
chrX	35900001	2251050001	7.48E-10
chrX	35950001	2251100001	7.48E-10
chrX	36000001	2251150001	4.86E-10
chrX	36050001	2251200001	4.86E-10
chrX	36100001	2251250001	4.86E-10
chrX	36150001	2251300001	4.86E-10
chrX	36200001	2251350001	4.86E-10
chrX	36250001	2251400001	4.86E-10
chrX	36300001	2251450001	4.86E-10
chrX	36350001	2251500001	4.86E-10
chrX	36400001	2251550001	4.86E-10
chrX	36450001	2251600001	4.86E-10
chrX	36500001	2251650001	4.86E-10
chrX	36550001	2251700001	4.86E-10
chrX	36600001	2251750001	4.86E-10
chrX	36650001	2251800001	4.86E-10
chrX	36700001	2251850001	4.86E-10
chrX	36750001	2251900001	4.86E-10
chrX	36800001	2251950001	4.86E-10
chrX	36850001	2252000001	4.86E-10
chrX	36900001	2252050001	4.86E-10
chrX	36950001	2252100001	4.86E-10
chrX	37000001	2252150001	4.86E-10
chrX	37050001	2252200001	4.86E-10
chrX	37100001	2252250001	4.86E-10
chrX	37150001	2252300001	4.86E-10
chrX	37200001	2252350001	4.86E-10
chrX	37250001	2252400001	4.86E-10
chrX	37300001	2252450001	4.86E-10
chrX	37350001	2252500001	4.86E-10
chrX	37400001	2252550001	4.86E-10
chrX	37450001	2252600001	4.86E-10
chrX	37500001	2252650001	4.86E-10
chrX	37550001	2252700001	4.86E-10
chrX	37600001	2252750001	4.86E-10
chrX	37650001	2252800001	4.86E-10
chrX	37700001	2252850001	4.86E-10
chrX	37750001	2252900001	4.86E-10
chrX	37800001	2252950001	4.86E-10
chrX	37850001	2253000001	4.86E-10
chrX	37900001	2253050001	4.86E-10
chrX	37950001	2253100001	4.86E-10
chrX	38000001	2253150001	6.68E-10
chrX	38050001	2253200001	6.68E-10
chrX	38100001	2253250001	6.68E-10
chrX	38150001	2253300001	6.68E-10
chrX	38200001	2253350001	6.68E-10
chrX	38250001	2253400001	6.68E-10
chrX	38300001	2253450001	6.68E-10
chrX	38350001	2253500001	6.68E-10
chrX	38400001	2253550001	6.68E-10
chrX	38450001	2253600001	6.68E-10
chrX	38500001	2253650001	6.68E-10
chrX	38550001	2253700001	6.68E-10
chrX	38600001	2253750001	6.68E-10
chrX	38650001	2253800001	6.68E-10
chrX	38700001	2253850001	6.68E-10
chrX	38750001	2253900001	6.68E-10
chrX	38800001	2253950001	6.68E-10
chrX	38850001	2254000001	6.68E-10
chrX	38900001	2254050001	6.68E-10
chrX	38950001	2254100001	6.68E-10
chrX	39000001	2254150001	6.68E-10
chrX	39050001	2254200001	6.68E-10
chrX	39100001	2254250001	6.68E-10
chrX	39150001	2254300001	6.68E-10
chrX	39200001	2254350001	6.68E-10
chrX	39250001	2254400001	6.68E-10
chrX	39300001	2254450001	6.68E-10
chrX	39350001	2254500001	6.68E-10
chrX	39400001	2254550001	6.68E-10
chrX	39450001	2254600001	6.68E-10
chrX	39500001	2254650001	6.68E-10
chrX	39550001	2254700001	6.68E-10
chrX	39600001	2254750001	6.68E-10
chrX	39650001	2254800001	6.68E-10
chrX	39700001	2254850001	6.68E-10
chrX	39750001	2254900001	6.68E-10
chrX	39800001	2254950001	6.68E-10
chrX	39850001	2255000001	6.68E-10
chrX	39900001	2255050001	6.68E-10
chrX	39950001	2255100001	6.68E-10
chrX	40000001	2255150001	4.53E-10
chrX	40050001	2255200001	4.53E-10
chrX	40100001	2255250001	4.53E-10
chrX	40150001	2255300001	4.53E-10
chrX	40200001	2255350001	4.53E-10
chrX	40250001	2255400001	4.53E-10
chrX	40300001	2255450001	4.53E-10
chrX	40350001	2255500001	4.53E-10
chrX	40400001	2255550001	4.53E-10
chrX	40450001	2255600001	4.53E-10
chrX	40500001	2255650001	4.53E-10
chrX	40550001	2255700001	4.53E-10
chrX	40600001	2255750001	4.53E-10
chrX	40650001	2255800001	4.53E-10
chrX	40700001	2255850001	4.53E-10
chrX	40750001	2255900001	4.53E-10
chrX	40800001	2255950001	4.53E-10
chrX	40850001	2256000001	4.53E-10
chrX	40900001	2256050001	4.53E-10
chrX	40950001	2256100001	4.53E-10
chrX	41000001	2256150001	4.53E-10
chrX	41050001	2256200001	4.53E-10
chrX	41100001	2256250001	4.53E-10
chrX	41150001	2256300001	4.53E-10
chrX	41200001	2256350001	4.53E-10
chrX	41250001	2256400001	4.53E-10
chrX	41300001	2256450001	4.53E-10
chrX	41350001	2256500001	4.53E-10
chrX	41400001	2256550001	4.53E-10
chrX	41450001	2256600001	4.53E-10
chrX	41500001	2256650001	4.53E-10
chrX	41550001	2256700001	4.53E-10
chrX	41600001	2256750001	4.53E-10
chrX	41650001	2256800001	4.53E-10
chrX	41700001	2256850001	4.53E-10
chrX	41750001	2256900001	4.53E-10
chrX	41800001	2256950001	4.53E-10
chrX	41850001	2257000001	4.53E-10
chrX	41900001	2257050001	4.53E-10
chrX	41950001	2257100001	4.53E-10
chrX	42000001	2257150001	8.25E-10
chrX	42050001	2257200001	8.25E-10
chrX	42100001	2257250001	8.25E-10
chrX	42150001	2257300001	8.25E-10
chrX	42200001	2257350001	8.25E-10
chrX	42250001	2257400001	8.25E-10
chrX	42300001	2257450001	8.25E-10
chrX	42350001	2257500001	8.25E-10
chrX	42400001	2257550001	8.25E-10
chrX	42450001	2257600001	8.25E-10
chrX	42500001	2257650001	8.25E-10
chrX	42550001	2257700001	8.25E-10
chrX	42600001	2257750001	8.25E-10
chrX	42650001	2257800001	8.25E-10
chrX	42700001	2257850001	8.25E-10
chrX	42750001	2257900001	8.25E-10
chrX	42800001	2257950001	8.25E-10
chrX	42850001	2258000001	8.25E-10
chrX	42900001	2258050001	8.25E-10
chrX	42950001	2258100001	8.25E-10
chrX	43000001	2258150001	8.25E-10
chrX	43050001	2258200001	8.25E-10
chrX	43100001	2258250001	8.25E-10
chrX	43150001	2258300001	8.25E-10
chrX	43200001	2258350001	8.25E-10
chrX	43250001	2258400001	8.25E-10
chrX	43300001	2258450001	8.25E-10
chrX	43350001	2258500001	8.25E-10
chrX	43400001	2258550001	8.25E-10
chrX	43450001	2258600001	8.25E-10
chrX	43500001	2258650001	8.25E-10
chrX	43550001	2258700001	8.25E-10
chrX	43600001	2258750001	8.25E-10
chrX	43650001	2258800001	8.25E-10
chrX	43700001	2258850001	8.25E-10
chrX	43750001	2258900001	8.25E-10
chrX	43800001	2258950001	8.25E-10
chrX	43850001	2259000001	8.25E-10
chrX	43900001	2259050001	8.25E-10
chrX	43950001	2259100001	8.25E-10
chrX	44000001	2259150001	3.50E-10
chrX	44050001	2259200001	3.50E-10
chrX	44100001	2259250001	3.50E-10
chrX	44150001	2259300001	3.50E-10
chrX	44200001	2259350001	3.50E-10
chrX	44250001	2259400001	3.50E-10
chrX	44300001	2259450001	3.50E-10
chrX	44350001	2259500001	3.50E-10
chrX	44400001	2259550001	3.50E-10
chrX	44450001	2259600001	3.50E-10
chrX	44500001	2259650001	3.50E-10
chrX	44550001	2259700001	3.50E-10
chrX	44600001	2259750001	3.50E-10
chrX	44650001	2259800001	3.50E-10
chrX	44700001	2259850001	3.50E-10
chrX	44750001	2259900001	3.50E-10
chrX	44800001	2259950001	3.50E-10
chrX	44850001	2260000001	3.50E-10
chrX	44900001	2260050001	3.50E-10
chrX	44950001	2260100001	3.50E-10
chrX	45000001	2260150001	3.50E-10
chrX	45050001	2260200001	3.50E-10
chrX	45100001	2260250001	3.50E-10
chrX	45150001	2260300001	3.50E-10
chrX	45200001	2260350001	3.50E-10
chrX	45250001	2260400001	3.50E-10
chrX	45300001	2260450001	3.50E-10
chrX	45350001	2260500001	3.50E-10
chrX	45400001	2260550001	3.50E-10
chrX	45450001	2260600001	3.50E-10
chrX	45500001	2260650001	3.50E-10
chrX	45550001	2260700001	3.50E-10
chrX	45600001	2260750001	3.50E-10
chrX	45650001	2260800001	3.50E-10
chrX	45700001	2260850001	3.50E-10
chrX	45750001	2260900001	3.50E-10
chrX	45800001	2260950001	3.50E-10
chrX	45850001	2261000001	3.50E-10
chrX	45900001	2261050001	3.50E-10
chrX	45950001	2261100001	3.50E-10
chrX	46000001	2261150001	3.81E-10
chrX	46050001	2261200001	3.81E-10
chrX	46100001	2261250001	3.81E-10
chrX	46150001	2261300001	3.81E-10
chrX	46200001	2261350001	3.81E-10
chrX	46250001	2261400001	3.81E-10
chrX	46300001	2261450001	3.81E-10
chrX	46350001	2261500001	3.81E-10
chrX	46400001	2261550001	3.81E-10
chrX	46450001	2261600001	3.81E-10
chrX	46500001	2261650001	3.81E-10
chrX	46550001	2261700001	3.81E-10
chrX	46600001	2261750001	3.81E-10
chrX	46650001	2261800001	3.81E-10
chrX	46700001	2261850001	3.81E-10
chrX	46750001	2261900001	3.81E-10
chrX	46800001	2261950001	3.81E-10
chrX	46850001	2262000001	3.81E-10
chrX	46900001	2262050001	3.81E-10
chrX	46950001	2262100001	3.81E-10
chrX	47000001	2262150001	3.81E-10
chrX	47050001	2262200001	3.81E-10
chrX	47100001	2262250001	3.81E-10
chrX	47150001	2262300001	3.81E-10
chrX	47200001	2262350001	3.81E-10
chrX	47250001	2262400001	3.81E-10
chrX	47300001	2262450001	3.81E-10
chrX	47350001	2262500001	3.81E-10
chrX	47400001	2262550001	3.81E-10
chrX	47450001	2262600001	3.81E-10
chrX	47500001	2262650001	3.81E-10
chrX	47550001	2262700001	3.81E-10
chrX	47600001	2262750001	3.81E-10
chrX	47650001	2262800001	3.81E-10
chrX	47700001	2262850001	3.81E-10
chrX	47750001	2262900001	3.81E-10
chrX	47800001	2262950001	3.81E-10
chrX	47850001	2263000001	3.81E-10
chrX	47900001	2263050001	3.81E-10
chrX	47950001	2263100001	3.81E-10
chrX	48000001	2263150001	3.68E-10
chrX	48050001	2263200001	3.68E-10
chrX	48100001	2263250001	3.68E-10
chrX	48150001	2263300001	3.68E-10
chrX	48200001	2263350001	3.68E-10
chrX	48250001	2263400001	3.68E-10
chrX	48300001	2263450001	3.68E-10
chrX	48350001	2263500001	3.68E-10
chrX	48400001	2263550001	3.68E-10
chrX	48450001	2263600001	3.68E-10
chrX	48500001	2263650001	3.68E-10
chrX	48550001	2263700001	3.68E-10
chrX	48600001	2263750001	3.68E-10
chrX	48650001	2263800001	3.68E-10
chrX	48700001	2263850001	3.68E-10
chrX	48750001	2263900001	3.68E-10
chrX	48800001	2263950001	3.68E-10
chrX	48850001	2264000001	3.68E-10
chrX	48900001	2264050001	3.68E-10
chrX	48950001	2264100001	3.68E-10
chrX	49000001	2264150001	3.68E-10
chrX	49050001	2264200001	3.68E-10
chrX	49100001	2264250001	3.68E-10
chrX	49150001	2264300001	3.68E-10
chrX	49200001	2264350001	3.68E-10
chrX	49250001	2264400001	3.68E-10
chrX	49300001	2264450001	3.68E-10
chrX	49350001	2264500001	3.68E-10
chrX	49400001	2264550001	3.68E-10
chrX	49450001	2264600001	3.68E-10
chrX	49500001	2264650001	3.68E-10
chrX	49550001	2264700001	3.68E-10
chrX	49600001	2264750001	3.68E-10
chrX	49650001	2264800001	3.68E-10
chrX	49700001	2264850001	3.68E-10
chrX	49750001	2264900001	3.68E-10
chrX	49800001	2264950001	3.68E-10
chrX	49850001	2265000001	3.68E-10
chrX	49900001	2265050001	3.68E-10
chrX	49950001	2265100001	3.68E-10
chrX	50000001	2265150001	3.87E-10
chrX	50050001	2265200001	3.87E-10
chrX	50100001	2265250001	3.87E-10
chrX	50150001	2265300001	3.87E-10
chrX	50200001	2265350001	3.87E-10
chrX	50250001	2265400001	3.87E-10
chrX	50300001	2265450001	3.87E-10
chrX	50350001	2265500001	3.87E-10
chrX	50400001	2265550001	3.87E-10
chrX	50450001	2265600001	3.87E-10
chrX	50500001	2265650001	3.87E-10
chrX	50550001	2265700001	3.87E-10
chrX	50600001	2265750001	3.87E-10
chrX	50650001	2265800001	3.87E-10
chrX	50700001	2265850001	3.87E-10
chrX	50750001	2265900001	3.87E-10
chrX	50800001	2265950001	3.87E-10
chrX	50850001	2266000001	3.87E-10
chrX	50900001	2266050001	3.87E-10
chrX	50950001	2266100001	3.87E-10
chrX	51000001	2266150001	3.87E-10
chrX	51050001	2266200001	3.87E-10
chrX	51100001	2266250001	3.87E-10
chrX	51150001	2266300001	3.87E-10
chrX	51200001	2266350001	3.87E-10
chrX	51250001	2266400001	3.87E-10
chrX	51300001	2266450001	3.87E-10
chrX	51350001	2266500001	3.87E-10
chrX	51400001	2266550001	3.87E-10
chrX	51450001	2266600001	3.87E-10
chrX	51500001	2266650001	3.87E-10
chrX	51550001	2266700001	3.87E-10
chrX	51600001	2266750001	3.87E-10
chrX	51650001	2266800001	3.87E-10
chrX	51700001	2266850001	3.87E-10
chrX	51750001	2266900001	3.87E-10
chrX	51800001	2266950001	3.87E-10
chrX	51850001	2267000001	3.87E-10
chrX	51900001	2267050001	3.87E-10
chrX	51950001	2267100001	3.87E-10
chrX	52000001	2267150001	2.79E-10
chrX	52050001	2267200001	2.79E-10
chrX	52100001	2267250001	2.79E-10
chrX	52150001	2267300001	2.79E-10
chrX	52200001	2267350001	2.79E-10
chrX	52250001	2267400001	2.79E-10
chrX	52300001	2267450001	2.79E-10
chrX	52350001	2267500001	2.79E-10
chrX	52400001	2267550001	2.79E-10
chrX	52450001	2267600001	2.79E-10
chrX	52500001	2267650001	2.79E-10
chrX	52550001	2267700001	2.79E-10
chrX	52600001	2267750001	2.79E-10
chrX	52650001	2267800001	2.79E-10
chrX	52700001	2267850001	2.79E-10
chrX	52750001	2267900001	2.79E-10
chrX	52800001	2267950001	2.79E-10
chrX	52850001	2268000001	2.79E-10
chrX	52900001	2268050001	2.79E-10
chrX	52950001	2268100001	2.79E-10
chrX	53000001	2268150001	2.79E-10
chrX	53050001	2268200001	2.79E-10
chrX	53100001	2268250001	2.79E-10
chrX	53150001	2268300001	2.79E-10
chrX	53200001	2268350001	2.79E-10
chrX	53250001	2268400001	2.79E-10
chrX	53300001	2268450001	2.79E-10
chrX	53350001	2268500001	2.79E-10
chrX	53400001	2268550001	2.79E-10
chrX	53450001	2268600001	2.79E-10
chrX	53500001	2268650001	2.79E-10
chrX	53550001	2268700001	2.79E-10
chrX	53600001	2268750001	2.79E-10
chrX	53650001	2268800001	2.79E-10
chrX	53700001	2268850001	2.79E-10
chrX	53750001	2268900001	2.79E-10
chrX	53800001	2268950001	2.79E-10
chrX	53850001	2269000001	2.79E-10
chrX	53900001	2269050001	2.79E-10
chrX	53950001	2269100001	2.79E-10
chrX	54000001	2269150001	4.54E-10
chrX	54050001	2269200001	4.54E-10
chrX	54100001	2269250001	4.54E-10
chrX	54150001	2269300001	4.54E-10
chrX	54200001	2269350001	4.54E-10
chrX	54250001	2269400001	4.54E-10
chrX	54300001	2269450001	4.54E-10
chrX	54350001	2269500001	4.54E-10
chrX	54400001	2269550001	4.54E-10
chrX	54450001	2269600001	4.54E-10
chrX	54500001	2269650001	4.54E-10
chrX	54550001	2269700001	4.54E-10
chrX	54600001	2269750001	4.54E-10
chrX	54650001	2269800001	4.54E-10
chrX	54700001	2269850001	4.54E-10
chrX	54750001	2269900001	4.54E-10
chrX	54800001	2269950001	4.54E-10
chrX	54850001	2270000001	4.54E-10
chrX	54900001	2270050001	4.54E-10
chrX	54950001	2270100001	4.54E-10
chrX	55000001	2270150001	4.54E-10
chrX	55050001	2270200001	4.54E-10
chrX	55100001	2270250001	4.54E-10
chrX	55150001	2270300001	4.54E-10
chrX	55200001	2270350001	4.54E-10
chrX	55250001	2270400001	4.54E-10
chrX	55300001	2270450001	4.54E-10
chrX	55350001	2270500001	4.54E-10
chrX	55400001	2270550001	4.54E-10
chrX	55450001	2270600001	4.54E-10
chrX	55500001	2270650001	4.54E-10
chrX	55550001	2270700001	4.54E-10
chrX	55600001	2270750001	4.54E-10
chrX	55650001	2270800001	4.54E-10
chrX	55700001	2270850001	4.54E-10
chrX	55750001	2270900001	4.54E-10
chrX	55800001	2270950001	4.54E-10
chrX	55850001	2271000001	4.54E-10
chrX	55900001	2271050001	4.54E-10
chrX	55950001	2271100001	4.54E-10
chrX	56000001	2271150001	2.69E-10
chrX	56050001	2271200001	2.69E-10
chrX	56100001	2271250001	2.69E-10
chrX	56150001	2271300001	2.69E-10
chrX	56200001	2271350001	2.69E-10
chrX	56250001	2271400001	2.69E-10
chrX	56300001	2271450001	2.69E-10
chrX	56350001	2271500001	2.69E-10
chrX	56400001	2271550001	2.69E-10
chrX	56450001	2271600001	2.69E-10
chrX	56500001	2271650001	2.69E-10
chrX	56550001	2271700001	2.69E-10
chrX	56600001	2271750001	2.69E-10
chrX	56650001	2271800001	2.69E-10
chrX	56700001	2271850001	2.69E-10
chrX	56750001	2271900001	2.69E-10
chrX	56800001	2271950001	2.69E-10
chrX	56850001	2272000001	2.69E-10
chrX	56900001	2272050001	2.69E-10
chrX	56950001	2272100001	2.69E-10
chrX	57000001	2272150001	2.69E-10
chrX	57050001	2272200001	2.69E-10
chrX	57100001	2272250001	2.69E-10
chrX	57150001	2272300001	2.69E-10
chrX	57200001	2272350001	2.69E-10
chrX	57250001	2272400001	2.69E-10
chrX	57300001	2272450001	2.69E-10
chrX	57350001	2272500001	2.69E-10
chrX	57400001	2272550001	2.69E-10
chrX	57450001	2272600001	2.69E-10
chrX	57500001	2272650001	2.69E-10
chrX	57550001	2272700001	2.69E-10
chrX	57600001	2272750001	2.69E-10
chrX	57650001	2272800001	2.69E-10
chrX	57700001	2272850001	2.69E-10
chrX	57750001	2272900001	2.69E-10
chrX	57800001	2272950001	2.69E-10
chrX	57850001	2273000001	2.69E-10
chrX	57900001	2273050001	2.69E-10
chrX	57950001	2273100001	2.69E-10
chrX	58000001	2273150001	2.89E-10
chrX	58050001	2273200001	2.89E-10
chrX	58100001	2273250001	2.89E-10
chrX	58150001	2273300001	2.89E-10
chrX	58200001	2273350001	2.89E-10
chrX	58250001	2273400001	2.89E-10
chrX	58300001	2273450001	2.89E-10
chrX	58350001	2273500001	2.89E-10
chrX	58400001	2273550001	2.89E-10
chrX	58450001	2273600001	2.89E-10
chrX	58500001	2273650001	2.89E-10
chrX	58550001	2273700001	2.89E-10
chrX	58600001	2273750001	2.89E-10
chrX	58650001	2273800001	2.89E-10
chrX	58700001	2273850001	2.89E-10
chrX	58750001	2273900001	2.89E-10
chrX	58800001	2273950001	2.89E-10
chrX	58850001	2274000001	2.89E-10
chrX	58900001	2274050001	2.89E-10
chrX	58950001	2274100001	2.89E-10
chrX	59000001	2274150001	2.89E-10
chrX	59050001	2274200001	2.89E-10
chrX	59100001	2274250001	2.89E-10
chrX	59150001	2274300001	2.89E-10
chrX	59200001	2274350001	2.89E-10
chrX	59250001	2274400001	2.89E-10
chrX	59300001	2274450001	2.89E-10
chrX	59350001	2274500001	2.89E-10
chrX	59400001	2274550001	2.89E-10
chrX	59450001	2274600001	2.89E-10
chrX	59500001	2274650001	2.89E-10
chrX	59550001	2274700001	2.89E-10
chrX	59600001	2274750001	2.89E-10
chrX	59650001	2274800001	2.89E-10
chrX	59700001	2274850001	2.89E-10
chrX	59750001	2274900001	2.89E-10
chrX	59800001	2274950001	2.89E-10
chrX	59850001	2275000001	2.89E-10
chrX	59900001	2275050001	2.89E-10
chrX	59950001	2275100001	2.89E-10
chrX	60000001	2275150001	2.26E-10
chrX	60050001	2275200001	2.26E-10
chrX	60100001	2275250001	2.26E-10
chrX	60150001	2275300001	2.26E-10
chrX	60200001	2275350001	2.26E-10
chrX	60250001	2275400001	2.26E-10
chrX	60300001	2275450001	2.26E-10
chrX	60350001	2275500001	2.26E-10
chrX	60400001	2275550001	2.26E-10
chrX	60450001	2275600001	2.26E-10
chrX	60500001	2275650001	2.26E-10
chrX	60550001	2275700001	2.26E-10
chrX	60600001	2275750001	2.26E-10
chrX	60650001	2275800001	2.26E-10
chrX	60700001	2275850001	2.26E-10
chrX	60750001	2275900001	2.26E-10
chrX	60800001	2275950001	2.26E-10
chrX	60850001	2276000001	2.26E-10
chrX	60900001	2276050001	2.26E-10
chrX	60950001	2276100001	2.26E-10
chrX	61000001	2276150001	2.26E-10
chrX	61050001	2276200001	2.26E-10
chrX	61100001	2276250001	2.26E-10
chrX	61150001	2276300001	2.26E-10
chrX	61200001	2276350001	2.26E-10
chrX	61250001	2276400001	2.26E-10
chrX	61300001	2276450001	2.26E-10
chrX	61350001	2276500001	2.26E-10
chrX	61400001	2276550001	2.26E-10
chrX	61450001	2276600001	2.26E-10
chrX	61500001	2276650001	2.26E-10
chrX	61550001	2276700001	2.26E-10
chrX	61600001	2276750001	2.26E-10
chrX	61650001	2276800001	2.26E-10
chrX	61700001	2276850001	2.26E-10
chrX	61750001	2276900001	2.26E-10
chrX	61800001	2276950001	2.26E-10
chrX	61850001	2277000001	2.26E-10
chrX	61900001	2277050001	2.26E-10
chrX	61950001	2277100001	2.26E-10
chrX	62000001	2277150001	3.47E-10
chrX	62050001	2277200001	3.47E-10
chrX	62100001	2277250001	3.47E-10
chrX	62150001	2277300001	3.47E-10
chrX	62200001	2277350001	3.47E-10
chrX	62250001	2277400001	3.47E-10
chrX	62300001	2277450001	3.47E-10
chrX	62350001	2277500001	3.47E-10
chrX	62400001	2277550001	3.47E-10
chrX	62450001	2277600001	3.47E-10
chrX	62500001	2277650001	3.47E-10
chrX	62550001	2277700001	3.47E-10
chrX	62600001	2277750001	3.47E-10
chrX	62650001	2277800001	3.47E-10
chrX	62700001	2277850001	3.47E-10
chrX	62750001	2277900001	3.47E-10
chrX	62800001	2277950001	3.47E-10
chrX	62850001	2278000001	3.47E-10
chrX	62900001	2278050001	3.47E-10
chrX	62950001	2278100001	3.47E-10
chrX	63000001	2278150001	3.47E-10
chrX	63050001	2278200001	3.47E-10
chrX	63100001	2278250001	3.47E-10
chrX	63150001	2278300001	3.47E-10
chrX	63200001	2278350001	3.47E-10
chrX	63250001	2278400001	3.47E-10
chrX	63300001	2278450001	3.47E-10
chrX	63350001	2278500001	3.47E-10
chrX	63400001	2278550001	3.47E-10
chrX	63450001	2278600001	3.47E-10
chrX	63500001	2278650001	3.47E-10
chrX	63550001	2278700001	3.47E-10
chrX	63600001	2278750001	3.47E-10
chrX	63650001	2278800001	3.47E-10
chrX	63700001	2278850001	3.47E-10
chrX	63750001	2278900001	3.47E-10
chrX	63800001	2278950001	3.47E-10
chrX	63850001	2279000001	3.47E-10
chrX	63900001	2279050001	3.47E-10
chrX	63950001	2279100001	3.47E-10
chrX	64000001	2279150001	4.21E-10
chrX	64050001	2279200001	4.21E-10
chrX	64100001	2279250001	4.21E-10
chrX	64150001	2279300001	4.21E-10
chrX	64200001	2279350001	4.21E-10
chrX	64250001	2279400001	4.21E-10
chrX	64300001	2279450001	4.21E-10
chrX	64350001	2279500001	4.21E-10
chrX	64400001	2279550001	4.21E-10
chrX	64450001	2279600001	4.21E-10
chrX	64500001	2279650001	4.21E-10
chrX	64550001	2279700001	4.21E-10
chrX	64600001	2279750001	4.21E-10
chrX	64650001	2279800001	4.21E-10
chrX	64700001	2279850001	4.21E-10
chrX	64750001	2279900001	4.21E-10
chrX	64800001	2279950001	4.21E-10
chrX	64850001	2280000001	4.21E-10
chrX	64900001	2280050001	4.21E-10
chrX	64950001	2280100001	4.21E-10
chrX	65000001	2280150001	4.21E-10
chrX	65050001	2280200001	4.21E-10
chrX	65100001	2280250001	4.21E-10
chrX	65150001	2280300001	4.21E-10
chrX	65200001	2280350001	4.21E-10
chrX	65250001	2280400001	4.21E-10
chrX	65300001	2280450001	4.21E-10
chrX	65350001	2280500001	4.21E-10
chrX	65400001	2280550001	4.21E-10
chrX	65450001	2280600001	4.21E-10
chrX	65500001	2280650001	4.21E-10
chrX	65550001	2280700001	4.21E-10
chrX	65600001	2280750001	4.21E-10
chrX	65650001	2280800001	4.21E-10
chrX	65700001	2280850001	4.21E-10
chrX	65750001	2280900001	4.21E-10
chrX	65800001	2280950001	4.21E-10
chrX	65850001	2281000001	4.21E-10
chrX	65900001	2281050001	4.21E-10
chrX	65950001	2281100001	4.21E-10
chrX	66000001	2281150001	8.80E-10
chrX	66050001	2281200001	8.80E-10
chrX	66100001	2281250001	8.80E-10
chrX	66150001	2281300001	8.80E-10
chrX	66200001	2281350001	8.80E-10
chrX	66250001	2281400001	8.80E-10
chrX	66300001	2281450001	8.80E-10
chrX	66350001	2281500001	8.80E-10
chrX	66400001	2281550001	8.80E-10
chrX	66450001	2281600001	8.80E-10
chrX	66500001	2281650001	8.80E-10
chrX	66550001	2281700001	8.80E-10
chrX	66600001	2281750001	8.80E-10
chrX	66650001	2281800001	8.80E-10
chrX	66700001	2281850001	8.80E-10
chrX	66750001	2281900001	8.80E-10
chrX	66800001	2281950001	8.80E-10
chrX	66850001	2282000001	8.80E-10
chrX	66900001	2282050001	8.80E-10
chrX	66950001	2282100001	8.80E-10
chrX	67000001	2282150001	8.80E-10
chrX	67050001	2282200001	8.80E-10
chrX	67100001	2282250001	8.80E-10
chrX	67150001	2282300001	8.80E-10
chrX	67200001	2282350001	8.80E-10
chrX	67250001	2282400001	8.80E-10
chrX	67300001	2282450001	8.80E-10
chrX	67350001	2282500001	8.80E-10
chrX	67400001	2282550001	8.80E-10
chrX	67450001	2282600001	8.80E-10
chrX	67500001	2282650001	8.80E-10
chrX	67550001	2282700001	8.80E-10
chrX	67600001	2282750001	8.80E-10
chrX	67650001	2282800001	8.80E-10
chrX	67700001	2282850001	8.80E-10
chrX	67750001	2282900001	8.80E-10
chrX	67800001	2282950001	8.80E-10
chrX	67850001	2283000001	8.80E-10
chrX	67900001	2283050001	8.80E-10
chrX	67950001	2283100001	8.80E-10
chrX	68000001	2283150001	9.87E-10
chrX	68050001	2283200001	9.87E-10
chrX	68100001	2283250001	9.87E-10
chrX	68150001	2283300001	9.87E-10
chrX	68200001	2283350001	9.87E-10
chrX	68250001	2283400001	9.87E-10
chrX	68300001	2283450001	9.87E-10
chrX	68350001	2283500001	9.87E-10
chrX	68400001	2283550001	9.87E-10
chrX	68450001	2283600001	9.87E-10
chrX	68500001	2283650001	9.87E-10
chrX	68550001	2283700001	9.87E-10
chrX	68600001	2283750001	9.87E-10
chrX	68650001	2283800001	9.87E-10
chrX	68700001	2283850001	9.87E-10
chrX	68750001	2283900001	9.87E-10
chrX	68800001	2283950001	9.87E-10
chrX	68850001	2284000001	9.87E-10
chrX	68900001	2284050001	9.87E-10
chrX	68950001	2284100001	9.87E-10
chrX	69000001	2284150001	9.87E-10
chrX	69050001	2284200001	9.87E-10
chrX	69100001	2284250001	9.87E-10
chrX	69150001	2284300001	9.87E-10
chrX	69200001	2284350001	9.87E-10
chrX	69250001	2284400001	9.87E-10
chrX	69300001	2284450001	9.87E-10
chrX	69350001	2284500001	9.87E-10
chrX	69400001	2284550001	9.87E-10
chrX	69450001	2284600001	9.87E-10
chrX	69500001	2284650001	9.87E-10
chrX	69550001	2284700001	9.87E-10
chrX	69600001	2284750001	9.87E-10
chrX	69650001	2284800001	9.87E-10
chrX	69700001	2284850001	9.87E-10
chrX	69750001	2284900001	9.87E-10
chrX	69800001	2284950001	9.87E-10
chrX	69850001	2285000001	9.87E-10
chrX	69900001	2285050001	9.87E-10
chrX	69950001	2285100001	9.87E-10
chrX	70000001	2285150001	1.13E-09
chrX	70050001	2285200001	1.13E-09
chrX	70100001	2285250001	1.13E-09
chrX	70150001	2285300001	1.13E-09
chrX	70200001	2285350001	1.13E-09
chrX	70250001	2285400001	1.13E-09
chrX	70300001	2285450001	1.13E-09
chrX	70350001	2285500001	1.13E-09
chrX	70400001	2285550001	1.13E-09
chrX	70450001	2285600001	1.13E-09
chrX	70500001	2285650001	1.13E-09
chrX	70550001	2285700001	1.13E-09
chrX	70600001	2285750001	1.13E-09
chrX	70650001	2285800001	1.13E-09
chrX	70700001	2285850001	1.13E-09
chrX	70750001	2285900001	1.13E-09
chrX	70800001	2285950001	1.13E-09
chrX	70850001	2286000001	1.13E-09
chrX	70900001	2286050001	1.13E-09
chrX	70950001	2286100001	1.13E-09
chrX	71000001	2286150001	1.13E-09
chrX	71050001	2286200001	1.13E-09
chrX	71100001	2286250001	1.13E-09
chrX	71150001	2286300001	1.13E-09
chrX	71200001	2286350001	1.13E-09
chrX	71250001	2286400001	1.13E-09
chrX	71300001	2286450001	1.13E-09
chrX	71350001	2286500001	1.13E-09
chrX	71400001	2286550001	1.13E-09
chrX	71450001	2286600001	1.13E-09
chrX	71500001	2286650001	1.13E-09
chrX	71550001	2286700001	1.13E-09
chrX	71600001	2286750001	1.13E-09
chrX	71650001	2286800001	1.13E-09
chrX	71700001	2286850001	1.13E-09
chrX	71750001	2286900001	1.13E-09
chrX	71800001	2286950001	1.13E-09
chrX	71850001	2287000001	1.13E-09
chrX	71900001	2287050001	1.13E-09
chrX	71950001	2287100001	1.13E-09
chrX	72000001	2287150001	6.37E-10
chrX	72050001	2287200001	6.37E-10
chrX	72100001	2287250001	6.37E-10
chrX	72150001	2287300001	6.37E-10
chrX	72200001	2287350001	6.37E-10
chrX	72250001	2287400001	6.37E-10
chrX	72300001	2287450001	6.37E-10
chrX	72350001	2287500001	6.37E-10
chrX	72400001	2287550001	6.37E-10
chrX	72450001	2287600001	6.37E-10
chrX	72500001	2287650001	6.37E-10
chrX	72550001	2287700001	6.37E-10
chrX	72600001	2287750001	6.37E-10
chrX	72650001	2287800001	6.37E-10
chrX	72700001	2287850001	6.37E-10
chrX	72750001	2287900001	6.37E-10
chrX	72800001	2287950001	6.37E-10
chrX	72850001	2288000001	6.37E-10
chrX	72900001	2288050001	6.37E-10
chrX	72950001	2288100001	6.37E-10
chrX	73000001	2288150001	6.37E-10
chrX	73050001	2288200001	6.37E-10
chrX	73100001	2288250001	6.37E-10
chrX	73150001	2288300001	6.37E-10
chrX	73200001	2288350001	6.37E-10
chrX	73250001	2288400001	6.37E-10
chrX	73300001	2288450001	6.37E-10
chrX	73350001	2288500001	6.37E-10
chrX	73400001	2288550001	6.37E-10
chrX	73450001	2288600001	6.37E-10
chrX	73500001	2288650001	6.37E-10
chrX	73550001	2288700001	6.37E-10
chrX	73600001	2288750001	6.37E-10
chrX	73650001	2288800001	6.37E-10
chrX	73700001	2288850001	6.37E-10
chrX	73750001	2288900001	6.37E-10
chrX	73800001	2288950001	6.37E-10
chrX	73850001	2289000001	6.37E-10
chrX	73900001	2289050001	6.37E-10
chrX	73950001	2289100001	6.37E-10
chrX	74000001	2289150001	2.07E-09
chrX	74050001	2289200001	2.07E-09
chrX	74100001	2289250001	2.07E-09
chrX	74150001	2289300001	2.07E-09
chrX	74200001	2289350001	2.07E-09
chrX	74250001	2289400001	2.07E-09
chrX	74300001	2289450001	2.07E-09
chrX	74350001	2289500001	2.07E-09
chrX	74400001	2289550001	2.07E-09
chrX	74450001	2289600001	2.07E-09
chrX	74500001	2289650001	2.07E-09
chrX	74550001	2289700001	2.07E-09
chrX	74600001	2289750001	2.07E-09
chrX	74650001	2289800001	2.07E-09
chrX	74700001	2289850001	2.07E-09
chrX	74750001	2289900001	2.07E-09
chrX	74800001	2289950001	2.07E-09
chrX	74850001	2290000001	2.07E-09
chrX	74900001	2290050001	2.07E-09
chrX	74950001	2290100001	2.07E-09
chrX	75000001	2290150001	2.07E-09
chrX	75050001	2290200001	2.07E-09
chrX	75100001	2290250001	2.07E-09
chrX	75150001	2290300001	2.07E-09
chrX	75200001	2290350001	2.07E-09
chrX	75250001	2290400001	2.07E-09
chrX	75300001	2290450001	2.07E-09
chrX	75350001	2290500001	2.07E-09
chrX	75400001	2290550001	2.07E-09
chrX	75450001	2290600001	2.07E-09
chrX	75500001	2290650001	2.07E-09
chrX	75550001	2290700001	2.07E-09
chrX	75600001	2290750001	2.07E-09
chrX	75650001	2290800001	2.07E-09
chrX	75700001	2290850001	2.07E-09
chrX	75750001	2290900001	2.07E-09
chrX	75800001	2290950001	2.07E-09
chrX	75850001	2291000001	2.07E-09
chrX	75900001	2291050001	2.07E-09
chrX	75950001	2291100001	2.07E-09
chrX	76000001	2291150001	1.12E-09
chrX	76050001	2291200001	1.12E-09
chrX	76100001	2291250001	1.12E-09
chrX	76150001	2291300001	1.12E-09
chrX	76200001	2291350001	1.12E-09
chrX	76250001	2291400001	1.12E-09
chrX	76300001	2291450001	1.12E-09
chrX	76350001	2291500001	1.12E-09
chrX	76400001	2291550001	1.12E-09
chrX	76450001	2291600001	1.12E-09
chrX	76500001	2291650001	1.12E-09
chrX	76550001	2291700001	1.12E-09
chrX	76600001	2291750001	1.12E-09
chrX	76650001	2291800001	1.12E-09
chrX	76700001	2291850001	1.12E-09
chrX	76750001	2291900001	1.12E-09
chrX	76800001	2291950001	1.12E-09
chrX	76850001	2292000001	1.12E-09
chrX	76900001	2292050001	1.12E-09
chrX	76950001	2292100001	1.12E-09
chrX	77000001	2292150001	1.12E-09
chrX	77050001	2292200001	1.12E-09
chrX	77100001	2292250001	1.12E-09
chrX	77150001	2292300001	1.12E-09
chrX	77200001	2292350001	1.12E-09
chrX	77250001	2292400001	1.12E-09
chrX	77300001	2292450001	1.12E-09
chrX	77350001	2292500001	1.12E-09
chrX	77400001	2292550001	1.12E-09
chrX	77450001	2292600001	1.12E-09
chrX	77500001	2292650001	1.12E-09
chrX	77550001	2292700001	1.12E-09
chrX	77600001	2292750001	1.12E-09
chrX	77650001	2292800001	1.12E-09
chrX	77700001	2292850001	1.12E-09
chrX	77750001	2292900001	1.12E-09
chrX	77800001	2292950001	1.12E-09
chrX	77850001	2293000001	1.12E-09
chrX	77900001	2293050001	1.12E-09
chrX	77950001	2293100001	1.12E-09
chrX	78000001	2293150001	3.15E-10
chrX	78050001	2293200001	3.15E-10
chrX	78100001	2293250001	3.15E-10
chrX	78150001	2293300001	3.15E-10
chrX	78200001	2293350001	3.15E-10
chrX	78250001	2293400001	3.15E-10
chrX	78300001	2293450001	3.15E-10
chrX	78350001	2293500001	3.15E-10
chrX	78400001	2293550001	3.15E-10
chrX	78450001	2293600001	3.15E-10
chrX	78500001	2293650001	3.15E-10
chrX	78550001	2293700001	3.15E-10
chrX	78600001	2293750001	3.15E-10
chrX	78650001	2293800001	3.15E-10
chrX	78700001	2293850001	3.15E-10
chrX	78750001	2293900001	3.15E-10
chrX	78800001	2293950001	3.15E-10
chrX	78850001	2294000001	3.15E-10
chrX	78900001	2294050001	3.15E-10
chrX	78950001	2294100001	3.15E-10
chrX	79000001	2294150001	3.15E-10
chrX	79050001	2294200001	3.15E-10
chrX	79100001	2294250001	3.15E-10
chrX	79150001	2294300001	3.15E-10
chrX	79200001	2294350001	3.15E-10
chrX	79250001	2294400001	3.15E-10
chrX	79300001	2294450001	3.15E-10
chrX	79350001	2294500001	3.15E-10
chrX	79400001	2294550001	3.15E-10
chrX	79450001	2294600001	3.15E-10
chrX	79500001	2294650001	3.15E-10
chrX	79550001	2294700001	3.15E-10
chrX	79600001	2294750001	3.15E-10
chrX	79650001	2294800001	3.15E-10
chrX	79700001	2294850001	3.15E-10
chrX	79750001	2294900001	3.15E-10
chrX	79800001	2294950001	3.15E-10
chrX	79850001	2295000001	3.15E-10
chrX	79900001	2295050001	3.15E-10
chrX	79950001	2295100001	3.15E-10
chrX	80000001	2295150001	3.46E-10
chrX	80050001	2295200001	3.46E-10
chrX	80100001	2295250001	3.46E-10
chrX	80150001	2295300001	3.46E-10
chrX	80200001	2295350001	3.46E-10
chrX	80250001	2295400001	3.46E-10
chrX	80300001	2295450001	3.46E-10
chrX	80350001	2295500001	3.46E-10
chrX	80400001	2295550001	3.46E-10
chrX	80450001	2295600001	3.46E-10
chrX	80500001	2295650001	3.46E-10
chrX	80550001	2295700001	3.46E-10
chrX	80600001	2295750001	3.46E-10
chrX	80650001	2295800001	3.46E-10
chrX	80700001	2295850001	3.46E-10
chrX	80750001	2295900001	3.46E-10
chrX	80800001	2295950001	3.46E-10
chrX	80850001	2296000001	3.46E-10
chrX	80900001	2296050001	3.46E-10
chrX	80950001	2296100001	3.46E-10
chrX	81000001	2296150001	3.46E-10
chrX	81050001	2296200001	3.46E-10
chrX	81100001	2296250001	3.46E-10
chrX	81150001	2296300001	3.46E-10
chrX	81200001	2296350001	3.46E-10
chrX	81250001	2296400001	3.46E-10
chrX	81300001	2296450001	3.46E-10
chrX	81350001	2296500001	3.46E-10
chrX	81400001	2296550001	3.46E-10
chrX	81450001	2296600001	3.46E-10
chrX	81500001	2296650001	3.46E-10
chrX	81550001	2296700001	3.46E-10
chrX	81600001	2296750001	3.46E-10
chrX	81650001	2296800001	3.46E-10
chrX	81700001	2296850001	3.46E-10
chrX	81750001	2296900001	3.46E-10
chrX	81800001	2296950001	3.46E-10
chrX	81850001	2297000001	3.46E-10
chrX	81900001	2297050001	3.46E-10
chrX	81950001	2297100001	3.46E-10
chrX	82000001	2297150001	8.68E-10
chrX	82050001	2297200001	8.68E-10
chrX	82100001	2297250001	8.68E-10
chrX	82150001	2297300001	8.68E-10
chrX	82200001	2297350001	8.68E-10
chrX	82250001	2297400001	8.68E-10
chrX	82300001	2297450001	8.68E-10
chrX	82350001	2297500001	8.68E-10
chrX	82400001	2297550001	8.68E-10
chrX	82450001	2297600001	8.68E-10
chrX	82500001	2297650001	8.68E-10
chrX	82550001	2297700001	8.68E-10
chrX	82600001	2297750001	8.68E-10
chrX	82650001	2297800001	8.68E-10
chrX	82700001	2297850001	8.68E-10
chrX	82750001	2297900001	8.68E-10
chrX	82800001	2297950001	8.68E-10
chrX	82850001	2298000001	8.68E-10
chrX	82900001	2298050001	8.68E-10
chrX	82950001	2298100001	8.68E-10
chrX	83000001	2298150001	8.68E-10
chrX	83050001	2298200001	8.68E-10
chrX	83100001	2298250001	8.68E-10
chrX	83150001	2298300001	8.68E-10
chrX	83200001	2298350001	8.68E-10
chrX	83250001	2298400001	8.68E-10
chrX	83300001	2298450001	8.68E-10
chrX	83350001	2298500001	8.68E-10
chrX	83400001	2298550001	8.68E-10
chrX	83450001	2298600001	8.68E-10
chrX	83500001	2298650001	8.68E-10
chrX	83550001	2298700001	8.68E-10
chrX	83600001	2298750001	8.68E-10
chrX	83650001	2298800001	8.68E-10
chrX	83700001	2298850001	8.68E-10
chrX	83750001	2298900001	8.68E-10
chrX	83800001	2298950001	8.68E-10
chrX	83850001	2299000001	8.68E-10
chrX	83900001	2299050001	8.68E-10
chrX	83950001	2299100001	8.68E-10
chrX	84000001	2299150001	8.59E-10
chrX	84050001	2299200001	8.59E-10
chrX	84100001	2299250001	8.59E-10
chrX	84150001	2299300001	8.59E-10
chrX	84200001	2299350001	8.59E-10
chrX	84250001	2299400001	8.59E-10
chrX	84300001	2299450001	8.59E-10
chrX	84350001	2299500001	8.59E-10
chrX	84400001	2299550001	8.59E-10
chrX	84450001	2299600001	8.59E-10
chrX	84500001	2299650001	8.59E-10
chrX	84550001	2299700001	8.59E-10
chrX	84600001	2299750001	8.59E-10
chrX	84650001	2299800001	8.59E-10
chrX	84700001	2299850001	8.59E-10
chrX	84750001	2299900001	8.59E-10
chrX	84800001	2299950001	8.59E-10
chrX	84850001	2300000001	8.59E-10
chrX	84900001	2300050001	8.59E-10
chrX	84950001	2300100001	8.59E-10
chrX	85000001	2300150001	8.59E-10
chrX	85050001	2300200001	8.59E-10
chrX	85100001	2300250001	8.59E-10
chrX	85150001	2300300001	8.59E-10
chrX	85200001	2300350001	8.59E-10
chrX	85250001	2300400001	8.59E-10
chrX	85300001	2300450001	8.59E-10
chrX	85350001	2300500001	8.59E-10
chrX	85400001	2300550001	8.59E-10
chrX	85450001	2300600001	8.59E-10
chrX	85500001	2300650001	8.59E-10
chrX	85550001	2300700001	8.59E-10
chrX	85600001	2300750001	8.59E-10
chrX	85650001	2300800001	8.59E-10
chrX	85700001	2300850001	8.59E-10
chrX	85750001	2300900001	8.59E-10
chrX	85800001	2300950001	8.59E-10
chrX	85850001	2301000001	8.59E-10
chrX	85900001	2301050001	8.59E-10
chrX	85950001	2301100001	8.59E-10
chrX	86000001	2301150001	1.06E-09
chrX	86050001	2301200001	1.06E-09
chrX	86100001	2301250001	1.06E-09
chrX	86150001	2301300001	1.06E-09
chrX	86200001	2301350001	1.06E-09
chrX	86250001	2301400001	1.06E-09
chrX	86300001	2301450001	1.06E-09
chrX	86350001	2301500001	1.06E-09
chrX	86400001	2301550001	1.06E-09
chrX	86450001	2301600001	1.06E-09
chrX	86500001	2301650001	1.06E-09
chrX	86550001	2301700001	1.06E-09
chrX	86600001	2301750001	1.06E-09
chrX	86650001	2301800001	1.06E-09
chrX	86700001	2301850001	1.06E-09
chrX	86750001	2301900001	1.06E-09
chrX	86800001	2301950001	1.06E-09
chrX	86850001	2302000001	1.06E-09
chrX	86900001	2302050001	1.06E-09
chrX	86950001	2302100001	1.06E-09
chrX	87000001	2302150001	1.06E-09
chrX	87050001	2302200001	1.06E-09
chrX	87100001	2302250001	1.06E-09
chrX	87150001	2302300001	1.06E-09
chrX	87200001	2302350001	1.06E-09
chrX	87250001	2302400001	1.06E-09
chrX	87300001	2302450001	1.06E-09
chrX	87350001	2302500001	1.06E-09
chrX	87400001	2302550001	1.06E-09
chrX	87450001	2302600001	1.06E-09
chrX	87500001	2302650001	1.06E-09
chrX	87550001	2302700001	1.06E-09
chrX	87600001	2302750001	1.06E-09
chrX	87650001	2302800001	1.06E-09
chrX	87700001	2302850001	1.06E-09
chrX	87750001	2302900001	1.06E-09
chrX	87800001	2302950001	1.06E-09
chrX	87850001	2303000001	1.06E-09
chrX	87900001	2303050001	1.06E-09
chrX	87950001	2303100001	1.06E-09
chrX	88000001	2303150001	2.20E-09
chrX	88050001	2303200001	2.20E-09
chrX	88100001	2303250001	2.20E-09
chrX	88150001	2303300001	2.20E-09
chrX	88200001	2303350001	2.20E-09
chrX	88250001	2303400001	2.20E-09
chrX	88300001	2303450001	2.20E-09
chrX	88350001	2303500001	2.20E-09
chrX	88400001	2303550001	2.20E-09
chrX	88450001	2303600001	2.20E-09
chrX	88500001	2303650001	2.20E-09
chrX	88550001	2303700001	2.20E-09
chrX	88600001	2303750001	2.20E-09
chrX	88650001	2303800001	2.20E-09
chrX	88700001	2303850001	2.20E-09
chrX	88750001	2303900001	2.20E-09
chrX	88800001	2303950001	2.20E-09
chrX	88850001	2304000001	2.20E-09
chrX	88900001	2304050001	2.20E-09
chrX	88950001	2304100001	2.20E-09
chrX	89000001	2304150001	2.20E-09
chrX	89050001	2304200001	2.20E-09
chrX	89100001	2304250001	2.20E-09
chrX	89150001	2304300001	2.20E-09
chrX	89200001	2304350001	2.20E-09
chrX	89250001	2304400001	2.20E-09
chrX	89300001	2304450001	2.20E-09
chrX	89350001	2304500001	2.20E-09
chrX	89400001	2304550001	2.20E-09
chrX	89450001	2304600001	2.20E-09
chrX	89500001	2304650001	2.20E-09
chrX	89550001	2304700001	2.20E-09
chrX	89600001	2304750001	2.20E-09
chrX	89650001	2304800001	2.20E-09
chrX	89700001	2304850001	2.20E-09
chrX	89750001	2304900001	2.20E-09
chrX	89800001	2304950001	2.20E-09
chrX	89850001	2305000001	2.20E-09
chrX	89900001	2305050001	2.20E-09
chrX	89950001	2305100001	2.20E-09
chrX	90000001	2305150001	1.68E-09
chrX	90050001	2305200001	1.68E-09
chrX	90100001	2305250001	1.68E-09
chrX	90150001	2305300001	1.68E-09
chrX	90200001	2305350001	1.68E-09
chrX	90250001	2305400001	1.68E-09
chrX	90300001	2305450001	1.68E-09
chrX	90350001	2305500001	1.68E-09
chrX	90400001	2305550001	1.68E-09
chrX	90450001	2305600001	1.68E-09
chrX	90500001	2305650001	1.68E-09
chrX	90550001	2305700001	1.68E-09
chrX	90600001	2305750001	1.68E-09
chrX	90650001	2305800001	1.68E-09
chrX	90700001	2305850001	1.68E-09
chrX	90750001	2305900001	1.68E-09
chrX	90800001	2305950001	1.68E-09
chrX	90850001	2306000001	1.68E-09
chrX	90900001	2306050001	1.68E-09
chrX	90950001	2306100001	1.68E-09
chrX	91000001	2306150001	1.68E-09
chrX	91050001	2306200001	1.68E-09
chrX	91100001	2306250001	1.68E-09
chrX	91150001	2306300001	1.68E-09
chrX	91200001	2306350001	1.68E-09
chrX	91250001	2306400001	1.68E-09
chrX	91300001	2306450001	1.68E-09
chrX	91350001	2306500001	1.68E-09
chrX	91400001	2306550001	1.68E-09
chrX	91450001	2306600001	1.68E-09
chrX	91500001	2306650001	1.68E-09
chrX	91550001	2306700001	1.68E-09
chrX	91600001	2306750001	1.68E-09
chrX	91650001	2306800001	1.68E-09
chrX	91700001	2306850001	1.68E-09
chrX	91750001	2306900001	1.68E-09
chrX	91800001	2306950001	1.68E-09
chrX	91850001	2307000001	1.68E-09
chrX	91900001	2307050001	1.68E-09
chrX	91950001	2307100001	1.68E-09
chrX	92000001	2307150001	1.36E-09
chrX	92050001	2307200001	1.36E-09
chrX	92100001	2307250001	1.36E-09
chrX	92150001	2307300001	1.36E-09
chrX	92200001	2307350001	1.36E-09
chrX	92250001	2307400001	1.36E-09
chrX	92300001	2307450001	1.36E-09
chrX	92350001	2307500001	1.36E-09
chrX	92400001	2307550001	1.36E-09
chrX	92450001	2307600001	1.36E-09
chrX	92500001	2307650001	1.36E-09
chrX	92550001	2307700001	1.36E-09
chrX	92600001	2307750001	1.36E-09
chrX	92650001	2307800001	1.36E-09
chrX	92700001	2307850001	1.36E-09
chrX	92750001	2307900001	1.36E-09
chrX	92800001	2307950001	1.36E-09
chrX	92850001	2308000001	1.36E-09
chrX	92900001	2308050001	1.36E-09
chrX	92950001	2308100001	1.36E-09
chrX	93000001	2308150001	1.36E-09
chrX	93050001	2308200001	1.36E-09
chrX	93100001	2308250001	1.36E-09
chrX	93150001	2308300001	1.36E-09
chrX	93200001	2308350001	1.36E-09
chrX	93250001	2308400001	1.36E-09
chrX	93300001	2308450001	1.36E-09
chrX	93350001	2308500001	1.36E-09
chrX	93400001	2308550001	1.36E-09
chrX	93450001	2308600001	1.36E-09
chrX	93500001	2308650001	1.36E-09
chrX	93550001	2308700001	1.36E-09
chrX	93600001	2308750001	1.36E-09
chrX	93650001	2308800001	1.36E-09
chrX	93700001	2308850001	1.36E-09
chrX	93750001	2308900001	1.36E-09
chrX	93800001	2308950001	1.36E-09
chrX	93850001	2309000001	1.36E-09
chrX	93900001	2309050001	1.36E-09
chrX	93950001	2309100001	1.36E-09
chrX	94000001	2309150001	3.52E-10
chrX	94050001	2309200001	3.52E-10
chrX	94100001	2309250001	3.52E-10
chrX	94150001	2309300001	3.52E-10
chrX	94200001	2309350001	3.52E-10
chrX	94250001	2309400001	3.52E-10
chrX	94300001	2309450001	3.52E-10
chrX	94350001	2309500001	3.52E-10
chrX	94400001	2309550001	3.52E-10
chrX	94450001	2309600001	3.52E-10
chrX	94500001	2309650001	3.52E-10
chrX	94550001	2309700001	3.52E-10
chrX	94600001	2309750001	3.52E-10
chrX	94650001	2309800001	3.52E-10
chrX	94700001	2309850001	3.52E-10
chrX	94750001	2309900001	3.52E-10
chrX	94800001	2309950001	3.52E-10
chrX	94850001	2310000001	3.52E-10
chrX	94900001	2310050001	3.52E-10
chrX	94950001	2310100001	3.52E-10
chrX	95000001	2310150001	3.52E-10
chrX	95050001	2310200001	3.52E-10
chrX	95100001	2310250001	3.52E-10
chrX	95150001	2310300001	3.52E-10
chrX	95200001	2310350001	3.52E-10
chrX	95250001	2310400001	3.52E-10
chrX	95300001	2310450001	3.52E-10
chrX	95350001	2310500001	3.52E-10
chrX	95400001	2310550001	3.52E-10
chrX	95450001	2310600001	3.52E-10
chrX	95500001	2310650001	3.52E-10
chrX	95550001	2310700001	3.52E-10
chrX	95600001	2310750001	3.52E-10
chrX	95650001	2310800001	3.52E-10
chrX	95700001	2310850001	3.52E-10
chrX	95750001	2310900001	3.52E-10
chrX	95800001	2310950001	3.52E-10
chrX	95850001	2311000001	3.52E-10
chrX	95900001	2311050001	3.52E-10
chrX	95950001	2311100001	3.52E-10
chrX	96000001	2311150001	8.98E-10
chrX	96050001	2311200001	8.98E-10
chrX	96100001	2311250001	8.98E-10
chrX	96150001	2311300001	8.98E-10
chrX	96200001	2311350001	8.98E-10
chrX	96250001	2311400001	8.98E-10
chrX	96300001	2311450001	8.98E-10
chrX	96350001	2311500001	8.98E-10
chrX	96400001	2311550001	8.98E-10
chrX	96450001	2311600001	8.98E-10
chrX	96500001	2311650001	8.98E-10
chrX	96550001	2311700001	8.98E-10
chrX	96600001	2311750001	8.98E-10
chrX	96650001	2311800001	8.98E-10
chrX	96700001	2311850001	8.98E-10
chrX	96750001	2311900001	8.98E-10
chrX	96800001	2311950001	8.98E-10
chrX	96850001	2312000001	8.98E-10
chrX	96900001	2312050001	8.98E-10
chrX	96950001	2312100001	8.98E-10
chrX	97000001	2312150001	8.98E-10
chrX	97050001	2312200001	8.98E-10
chrX	97100001	2312250001	8.98E-10
chrX	97150001	2312300001	8.98E-10
chrX	97200001	2312350001	8.98E-10
chrX	97250001	2312400001	8.98E-10
chrX	97300001	2312450001	8.98E-10
chrX	97350001	2312500001	8.98E-10
chrX	97400001	2312550001	8.98E-10
chrX	97450001	2312600001	8.98E-10
chrX	97500001	2312650001	8.98E-10
chrX	97550001	2312700001	8.98E-10
chrX	97600001	2312750001	8.98E-10
chrX	97650001	2312800001	8.98E-10
chrX	97700001	2312850001	8.98E-10
chrX	97750001	2312900001	8.98E-10
chrX	97800001	2312950001	8.98E-10
chrX	97850001	2313000001	8.98E-10
chrX	97900001	2313050001	8.98E-10
chrX	97950001	2313100001	8.98E-10
chrX	98000001	2313150001	5.05E-10
chrX	98050001	2313200001	5.05E-10
chrX	98100001	2313250001	5.05E-10
chrX	98150001	2313300001	5.05E-10
chrX	98200001	2313350001	5.05E-10
chrX	98250001	2313400001	5.05E-10
chrX	98300001	2313450001	5.05E-10
chrX	98350001	2313500001	5.05E-10
chrX	98400001	2313550001	5.05E-10
chrX	98450001	2313600001	5.05E-10
chrX	98500001	2313650001	5.05E-10
chrX	98550001	2313700001	5.05E-10
chrX	98600001	2313750001	5.05E-10
chrX	98650001	2313800001	5.05E-10
chrX	98700001	2313850001	5.05E-10
chrX	98750001	2313900001	5.05E-10
chrX	98800001	2313950001	5.05E-10
chrX	98850001	2314000001	5.05E-10
chrX	98900001	2314050001	5.05E-10
chrX	98950001	2314100001	5.05E-10
chrX	99000001	2314150001	5.05E-10
chrX	99050001	2314200001	5.05E-10
chrX	99100001	2314250001	5.05E-10
chrX	99150001	2314300001	5.05E-10
chrX	99200001	2314350001	5.05E-10
chrX	99250001	2314400001	5.05E-10
chrX	99300001	2314450001	5.05E-10
chrX	99350001	2314500001	5.05E-10
chrX	99400001	2314550001	5.05E-10
chrX	99450001	2314600001	5.05E-10
chrX	99500001	2314650001	5.05E-10
chrX	99550001	2314700001	5.05E-10
chrX	99600001	2314750001	5.05E-10
chrX	99650001	2314800001	5.05E-10
chrX	99700001	2314850001	5.05E-10
chrX	99750001	2314900001	5.05E-10
chrX	99800001	2314950001	5.05E-10
chrX	99850001	2315000001	5.05E-10
chrX	99900001	2315050001	5.05E-10
chrX	99950001	2315100001	5.05E-10
chrX	100000001	2315150001	4.64E-10
chrX	100050001	2315200001	4.64E-10
chrX	100100001	2315250001	4.64E-10
chrX	100150001	2315300001	4.64E-10
chrX	100200001	2315350001	4.64E-10
chrX	100250001	2315400001	4.64E-10
chrX	100300001	2315450001	4.64E-10
chrX	100350001	2315500001	4.64E-10
chrX	100400001	2315550001	4.64E-10
chrX	100450001	2315600001	4.64E-10
chrX	100500001	2315650001	4.64E-10
chrX	100550001	2315700001	4.64E-10
chrX	100600001	2315750001	4.64E-10
chrX	100650001	2315800001	4.64E-10
chrX	100700001	2315850001	4.64E-10
chrX	100750001	2315900001	4.64E-10
chrX	100800001	2315950001	4.64E-10
chrX	100850001	2316000001	4.64E-10
chrX	100900001	2316050001	4.64E-10
chrX	100950001	2316100001	4.64E-10
chrX	101000001	2316150001	4.64E-10
chrX	101050001	2316200001	4.64E-10
chrX	101100001	2316250001	4.64E-10
chrX	101150001	2316300001	4.64E-10
chrX	101200001	2316350001	4.64E-10
chrX	101250001	2316400001	4.64E-10
chrX	101300001	2316450001	4.64E-10
chrX	101350001	2316500001	4.64E-10
chrX	101400001	2316550001	4.64E-10
chrX	101450001	2316600001	4.64E-10
chrX	101500001	2316650001	4.64E-10
chrX	101550001	2316700001	4.64E-10
chrX	101600001	2316750001	4.64E-10
chrX	101650001	2316800001	4.64E-10
chrX	101700001	2316850001	4.64E-10
chrX	101750001	2316900001	4.64E-10
chrX	101800001	2316950001	4.64E-10
chrX	101850001	2317000001	4.64E-10
chrX	101900001	2317050001	4.64E-10
chrX	101950001	2317100001	4.64E-10
chrX	102000001	2317150001	6.67E-10
chrX	102050001	2317200001	6.67E-10
chrX	102100001	2317250001	6.67E-10
chrX	102150001	2317300001	6.67E-10
chrX	102200001	2317350001	6.67E-10
chrX	102250001	2317400001	6.67E-10
chrX	102300001	2317450001	6.67E-10
chrX	102350001	2317500001	6.67E-10
chrX	102400001	2317550001	6.67E-10
chrX	102450001	2317600001	6.67E-10
chrX	102500001	2317650001	6.67E-10
chrX	102550001	2317700001	6.67E-10
chrX	102600001	2317750001	6.67E-10
chrX	102650001	2317800001	6.67E-10
chrX	102700001	2317850001	6.67E-10
chrX	102750001	2317900001	6.67E-10
chrX	102800001	2317950001	6.67E-10
chrX	102850001	2318000001	6.67E-10
chrX	102900001	2318050001	6.67E-10
chrX	102950001	2318100001	6.67E-10
chrX	103000001	2318150001	6.67E-10
chrX	103050001	2318200001	6.67E-10
chrX	103100001	2318250001	6.67E-10
chrX	103150001	2318300001	6.67E-10
chrX	103200001	2318350001	6.67E-10
chrX	103250001	2318400001	6.67E-10
chrX	103300001	2318450001	6.67E-10
chrX	103350001	2318500001	6.67E-10
chrX	103400001	2318550001	6.67E-10
chrX	103450001	2318600001	6.67E-10
chrX	103500001	2318650001	6.67E-10
chrX	103550001	2318700001	6.67E-10
chrX	103600001	2318750001	6.67E-10
chrX	103650001	2318800001	6.67E-10
chrX	103700001	2318850001	6.67E-10
chrX	103750001	2318900001	6.67E-10
chrX	103800001	2318950001	6.67E-10
chrX	103850001	2319000001	6.67E-10
chrX	103900001	2319050001	6.67E-10
chrX	103950001	2319100001	6.67E-10
chrX	104000001	2319150001	1.02E-09
chrX	104050001	2319200001	1.02E-09
chrX	104100001	2319250001	1.02E-09
chrX	104150001	2319300001	1.02E-09
chrX	104200001	2319350001	1.02E-09
chrX	104250001	2319400001	1.02E-09
chrX	104300001	2319450001	1.02E-09
chrX	104350001	2319500001	1.02E-09
chrX	104400001	2319550001	1.02E-09
chrX	104450001	2319600001	1.02E-09
chrX	104500001	2319650001	1.02E-09
chrX	104550001	2319700001	1.02E-09
chrX	104600001	2319750001	1.02E-09
chrX	104650001	2319800001	1.02E-09
chrX	104700001	2319850001	1.02E-09
chrX	104750001	2319900001	1.02E-09
chrX	104800001	2319950001	1.02E-09
chrX	104850001	2320000001	1.02E-09
chrX	104900001	2320050001	1.02E-09
chrX	104950001	2320100001	1.02E-09
chrX	105000001	2320150001	1.02E-09
chrX	105050001	2320200001	1.02E-09
chrX	105100001	2320250001	1.02E-09
chrX	105150001	2320300001	1.02E-09
chrX	105200001	2320350001	1.02E-09
chrX	105250001	2320400001	1.02E-09
chrX	105300001	2320450001	1.02E-09
chrX	105350001	2320500001	1.02E-09
chrX	105400001	2320550001	1.02E-09
chrX	105450001	2320600001	1.02E-09
chrX	105500001	2320650001	1.02E-09
chrX	105550001	2320700001	1.02E-09
chrX	105600001	2320750001	1.02E-09
chrX	105650001	2320800001	1.02E-09
chrX	105700001	2320850001	1.02E-09
chrX	105750001	2320900001	1.02E-09
chrX	105800001	2320950001	1.02E-09
chrX	105850001	2321000001	1.02E-09
chrX	105900001	2321050001	1.02E-09
chrX	105950001	2321100001	1.02E-09
chrX	106000001	2321150001	1.78E-09
chrX	106050001	2321200001	1.78E-09
chrX	106100001	2321250001	1.78E-09
chrX	106150001	2321300001	1.78E-09
chrX	106200001	2321350001	1.78E-09
chrX	106250001	2321400001	1.78E-09
chrX	106300001	2321450001	1.78E-09
chrX	106350001	2321500001	1.78E-09
chrX	106400001	2321550001	1.78E-09
chrX	106450001	2321600001	1.78E-09
chrX	106500001	2321650001	1.78E-09
chrX	106550001	2321700001	1.78E-09
chrX	106600001	2321750001	1.78E-09
chrX	106650001	2321800001	1.78E-09
chrX	106700001	2321850001	1.78E-09
chrX	106750001	2321900001	1.78E-09
chrX	106800001	2321950001	1.78E-09
chrX	106850001	2322000001	1.78E-09
chrX	106900001	2322050001	1.78E-09
chrX	106950001	2322100001	1.78E-09
chrX	107000001	2322150001	1.78E-09
chrX	107050001	2322200001	1.78E-09
chrX	107100001	2322250001	1.78E-09
chrX	107150001	2322300001	1.78E-09
chrX	107200001	2322350001	1.78E-09
chrX	107250001	2322400001	1.78E-09
chrX	107300001	2322450001	1.78E-09
chrX	107350001	2322500001	1.78E-09
chrX	107400001	2322550001	1.78E-09
chrX	107450001	2322600001	1.78E-09
chrX	107500001	2322650001	1.78E-09
chrX	107550001	2322700001	1.78E-09
chrX	107600001	2322750001	1.78E-09
chrX	107650001	2322800001	1.78E-09
chrX	107700001	2322850001	1.78E-09
chrX	107750001	2322900001	1.78E-09
chrX	107800001	2322950001	1.78E-09
chrX	107850001	2323000001	1.78E-09
chrX	107900001	2323050001	1.78E-09
chrX	107950001	2323100001	1.78E-09
chrX	108000001	2323150001	2.94E-09
chrX	108050001	2323200001	2.94E-09
chrX	108100001	2323250001	2.94E-09
chrX	108150001	2323300001	2.94E-09
chrX	108200001	2323350001	2.94E-09
chrX	108250001	2323400001	2.94E-09
chrX	108300001	2323450001	2.94E-09
chrX	108350001	2323500001	2.94E-09
chrX	108400001	2323550001	2.94E-09
chrX	108450001	2323600001	2.94E-09
chrX	108500001	2323650001	2.94E-09
chrX	108550001	2323700001	2.94E-09
chrX	108600001	2323750001	2.94E-09
chrX	108650001	2323800001	2.94E-09
chrX	108700001	2323850001	2.94E-09
chrX	108750001	2323900001	2.94E-09
chrX	108800001	2323950001	2.94E-09
chrX	108850001	2324000001	2.94E-09
chrX	108900001	2324050001	2.94E-09
chrX	108950001	2324100001	2.94E-09
chrX	109000001	2324150001	2.94E-09
chrX	109050001	2324200001	2.94E-09
chrX	109100001	2324250001	2.94E-09
chrX	109150001	2324300001	2.94E-09
chrX	109200001	2324350001	2.94E-09
chrX	109250001	2324400001	2.94E-09
chrX	109300001	2324450001	2.94E-09
chrX	109350001	2324500001	2.94E-09
chrX	109400001	2324550001	2.94E-09
chrX	109450001	2324600001	2.94E-09
chrX	109500001	2324650001	2.94E-09
chrX	109550001	2324700001	2.94E-09
chrX	109600001	2324750001	2.94E-09
chrX	109650001	2324800001	2.94E-09
chrX	109700001	2324850001	2.94E-09
chrX	109750001	2324900001	2.94E-09
chrX	109800001	2324950001	2.94E-09
chrX	109850001	2325000001	2.94E-09
chrX	109900001	2325050001	2.94E-09
chrX	109950001	2325100001	2.94E-09
chrX	110000001	2325150001	1.48E-09
chrX	110050001	2325200001	1.48E-09
chrX	110100001	2325250001	1.48E-09
chrX	110150001	2325300001	1.48E-09
chrX	110200001	2325350001	1.48E-09
chrX	110250001	2325400001	1.48E-09
chrX	110300001	2325450001	1.48E-09
chrX	110350001	2325500001	1.48E-09
chrX	110400001	2325550001	1.48E-09
chrX	110450001	2325600001	1.48E-09
chrX	110500001	2325650001	1.48E-09
chrX	110550001	2325700001	1.48E-09
chrX	110600001	2325750001	1.48E-09
chrX	110650001	2325800001	1.48E-09
chrX	110700001	2325850001	1.48E-09
chrX	110750001	2325900001	1.48E-09
chrX	110800001	2325950001	1.48E-09
chrX	110850001	2326000001	1.48E-09
chrX	110900001	2326050001	1.48E-09
chrX	110950001	2326100001	1.48E-09
chrX	111000001	2326150001	1.48E-09
chrX	111050001	2326200001	1.48E-09
chrX	111100001	2326250001	1.48E-09
chrX	111150001	2326300001	1.48E-09
chrX	111200001	2326350001	1.48E-09
chrX	111250001	2326400001	1.48E-09
chrX	111300001	2326450001	1.48E-09
chrX	111350001	2326500001	1.48E-09
chrX	111400001	2326550001	1.48E-09
chrX	111450001	2326600001	1.48E-09
chrX	111500001	2326650001	1.48E-09
chrX	111550001	2326700001	1.48E-09
chrX	111600001	2326750001	1.48E-09
chrX	111650001	2326800001	1.48E-09
chrX	111700001	2326850001	1.48E-09
chrX	111750001	2326900001	1.48E-09
chrX	111800001	2326950001	1.48E-09
chrX	111850001	2327000001	1.48E-09
chrX	111900001	2327050001	1.48E-09
chrX	111950001	2327100001	1.48E-09
chrX	112000001	2327150001	1.24E-09
chrX	112050001	2327200001	1.24E-09
chrX	112100001	2327250001	1.24E-09
chrX	112150001	2327300001	1.24E-09
chrX	112200001	2327350001	1.24E-09
chrX	112250001	2327400001	1.24E-09
chrX	112300001	2327450001	1.24E-09
chrX	112350001	2327500001	1.24E-09
chrX	112400001	2327550001	1.24E-09
chrX	112450001	2327600001	1.24E-09
chrX	112500001	2327650001	1.24E-09
chrX	112550001	2327700001	1.24E-09
chrX	112600001	2327750001	1.24E-09
chrX	112650001	2327800001	1.24E-09
chrX	112700001	2327850001	1.24E-09
chrX	112750001	2327900001	1.24E-09
chrX	112800001	2327950001	1.24E-09
chrX	112850001	2328000001	1.24E-09
chrX	112900001	2328050001	1.24E-09
chrX	112950001	2328100001	1.24E-09
chrX	113000001	2328150001	1.24E-09
chrX	113050001	2328200001	1.24E-09
chrX	113100001	2328250001	1.24E-09
chrX	113150001	2328300001	1.24E-09
chrX	113200001	2328350001	1.24E-09
chrX	113250001	2328400001	1.24E-09
chrX	113300001	2328450001	1.24E-09
chrX	113350001	2328500001	1.24E-09
chrX	113400001	2328550001	1.24E-09
chrX	113450001	2328600001	1.24E-09
chrX	113500001	2328650001	1.24E-09
chrX	113550001	2328700001	1.24E-09
chrX	113600001	2328750001	1.24E-09
chrX	113650001	2328800001	1.24E-09
chrX	113700001	2328850001	1.24E-09
chrX	113750001	2328900001	1.24E-09
chrX	113800001	2328950001	1.24E-09
chrX	113850001	2329000001	1.24E-09
chrX	113900001	2329050001	1.24E-09
chrX	113950001	2329100001	1.24E-09
chrX	114000001	2329150001	4.13E-10
chrX	114050001	2329200001	4.13E-10
chrX	114100001	2329250001	4.13E-10
chrX	114150001	2329300001	4.13E-10
chrX	114200001	2329350001	4.13E-10
chrX	114250001	2329400001	4.13E-10
chrX	114300001	2329450001	4.13E-10
chrX	114350001	2329500001	4.13E-10
chrX	114400001	2329550001	4.13E-10
chrX	114450001	2329600001	4.13E-10
chrX	114500001	2329650001	4.13E-10
chrX	114550001	2329700001	4.13E-10
chrX	114600001	2329750001	4.13E-10
chrX	114650001	2329800001	4.13E-10
chrX	114700001	2329850001	4.13E-10
chrX	114750001	2329900001	4.13E-10
chrX	114800001	2329950001	4.13E-10
chrX	114850001	2330000001	4.13E-10
chrX	114900001	2330050001	4.13E-10
chrX	114950001	2330100001	4.13E-10
chrX	115000001	2330150001	4.13E-10
chrX	115050001	2330200001	4.13E-10
chrX	115100001	2330250001	4.13E-10
chrX	115150001	2330300001	4.13E-10
chrX	115200001	2330350001	4.13E-10
chrX	115250001	2330400001	4.13E-10
chrX	115300001	2330450001	4.13E-10
chrX	115350001	2330500001	4.13E-10
chrX	115400001	2330550001	4.13E-10
chrX	115450001	2330600001	4.13E-10
chrX	115500001	2330650001	4.13E-10
chrX	115550001	2330700001	4.13E-10
chrX	115600001	2330750001	4.13E-10
chrX	115650001	2330800001	4.13E-10
chrX	115700001	2330850001	4.13E-10
chrX	115750001	2330900001	4.13E-10
chrX	115800001	2330950001	4.13E-10
chrX	115850001	2331000001	4.13E-10
chrX	115900001	2331050001	4.13E-10
chrX	115950001	2331100001	4.13E-10
chrX	116000001	2331150001	7.99E-10
chrX	116050001	2331200001	7.99E-10
chrX	116100001	2331250001	7.99E-10
chrX	116150001	2331300001	7.99E-10
chrX	116200001	2331350001	7.99E-10
chrX	116250001	2331400001	7.99E-10
chrX	116300001	2331450001	7.99E-10
chrX	116350001	2331500001	7.99E-10
chrX	116400001	2331550001	7.99E-10
chrX	116450001	2331600001	7.99E-10
chrX	116500001	2331650001	7.99E-10
chrX	116550001	2331700001	7.99E-10
chrX	116600001	2331750001	7.99E-10
chrX	116650001	2331800001	7.99E-10
chrX	116700001	2331850001	7.99E-10
chrX	116750001	2331900001	7.99E-10
chrX	116800001	2331950001	7.99E-10
chrX	116850001	2332000001	7.99E-10
chrX	116900001	2332050001	7.99E-10
chrX	116950001	2332100001	7.99E-10
chrX	117000001	2332150001	7.99E-10
chrX	117050001	2332200001	7.99E-10
chrX	117100001	2332250001	7.99E-10
chrX	117150001	2332300001	7.99E-10
chrX	117200001	2332350001	7.99E-10
chrX	117250001	2332400001	7.99E-10
chrX	117300001	2332450001	7.99E-10
chrX	117350001	2332500001	7.99E-10
chrX	117400001	2332550001	7.99E-10
chrX	117450001	2332600001	7.99E-10
chrX	117500001	2332650001	7.99E-10
chrX	117550001	2332700001	7.99E-10
chrX	117600001	2332750001	7.99E-10
chrX	117650001	2332800001	7.99E-10
chrX	117700001	2332850001	7.99E-10
chrX	117750001	2332900001	7.99E-10
chrX	117800001	2332950001	7.99E-10
chrX	117850001	2333000001	7.99E-10
chrX	117900001	2333050001	7.99E-10
chrX	117950001	2333100001	7.99E-10
chrX	118000001	2333150001	1.89E-09
chrX	118050001	2333200001	1.89E-09
chrX	118100001	2333250001	1.89E-09
chrX	118150001	2333300001	1.89E-09
chrX	118200001	2333350001	1.89E-09
chrX	118250001	2333400001	1.89E-09
chrX	118300001	2333450001	1.89E-09
chrX	118350001	2333500001	1.89E-09
chrX	118400001	2333550001	1.89E-09
chrX	118450001	2333600001	1.89E-09
chrX	118500001	2333650001	1.89E-09
chrX	118550001	2333700001	1.89E-09
chrX	118600001	2333750001	1.89E-09
chrX	118650001	2333800001	1.89E-09
chrX	118700001	2333850001	1.89E-09
chrX	118750001	2333900001	1.89E-09
chrX	118800001	2333950001	1.89E-09
chrX	118850001	2334000001	1.89E-09
chrX	118900001	2334050001	1.89E-09
chrX	118950001	2334100001	1.89E-09
chrX	119000001	2334150001	1.89E-09
chrX	119050001	2334200001	1.89E-09
chrX	119100001	2334250001	1.89E-09
chrX	119150001	2334300001	1.89E-09
chrX	119200001	2334350001	1.89E-09
chrX	119250001	2334400001	1.89E-09
chrX	119300001	2334450001	1.89E-09
chrX	119350001	2334500001	1.89E-09
chrX	119400001	2334550001	1.89E-09
chrX	119450001	2334600001	1.89E-09
chrX	119500001	2334650001	1.89E-09
chrX	119550001	2334700001	1.89E-09
chrX	119600001	2334750001	1.89E-09
chrX	119650001	2334800001	1.89E-09
chrX	119700001	2334850001	1.89E-09
chrX	119750001	2334900001	1.89E-09
chrX	119800001	2334950001	1.89E-09
chrX	119850001	2335000001	1.89E-09
chrX	119900001	2335050001	1.89E-09
chrX	119950001	2335100001	1.89E-09
chrX	120000001	2335150001	1.89E-09
chrX	120050001	2335200001	1.89E-09
chrX	120100001	2335250001	1.89E-09
chrX	120150001	2335300001	1.89E-09
chrX	120200001	2335350001	1.89E-09
chrX	120250001	2335400001	1.89E-09
chrX	120300001	2335450001	1.89E-09
chrX	120350001	2335500001	1.89E-09
chrX	120400001	2335550001	1.89E-09
chrX	120450001	2335600001	1.89E-09
chrX	120500001	2335650001	1.89E-09
chrX	120550001	2335700001	1.89E-09
chrX	120600001	2335750001	1.89E-09
chrX	120650001	2335800001	1.89E-09
chrX	120700001	2335850001	1.89E-09
chrX	120750001	2335900001	1.89E-09
chrX	120800001	2335950001	1.89E-09
chrX	120850001	2336000001	1.89E-09
chrX	120900001	2336050001	1.89E-09
chrX	120950001	2336100001	1.89E-09
chrX	121000001	2336150001	
